678
616
540
485
406
183
552
480
996
326
143
482
907
590
175
684
324
749
345
824
595
474
553
797
313
959
319
170
678
297
206
993
339
199
611
23
913
211
970
499
867
330
894
42
650
248
300
595
100
393
844
90
913
858
634
781
240
744
939
599
208
239
974
466
633
31
799
483
96
725
291
884
257
536
109
1023
1014
826
620
820
573
379
907
99
890
359
644
0
280
873
568
291
736
373
386
0
169
484
330
9
659
17
287
150
553
787
144
381
754
147
25
0
633
997
38
397
996
313
352
195
651
421
638
481
552
716
301
681
77
781
520
317
143
519
277
834
536
0
745
814
892
143
124
759
362
954
128
670
532
620
943
894
7
883
632
671
540
742
613
611
335
408
466
45
168
47
414
21
738
741
214
458
331
396
770
679
191
114
749
541
742
251
87
0
614
820
45
64
988
87
470
503
615
891
417
634
322
292
931
129
411
667
147
207
621
462
501
321
447
190
457
0
609
688
376
141
777
24
657
752
338
0
588
997
710
683
330
198
839
534
875
669
337
606
937
720
305
7
718
17
22
1000
664
225
85
136
0
334
1000
864
467
679
607
279
307
895
950
885
324
471
732
179
1008
241
942
43
1013
948
458
199
1013
345
243
734
439
296
195
323
664
396
682
160
382
331
766
415
355
1013
378
894
170
510
53
675
645
656
107
607
695
889
232
82
0
71
310
533
606
299
183
285
1018
599
364
625
375
533
896
715
948
805
882
326
944
76
357
483
392
0
539
513
71
769
465
166
382
431
422
728
697
430
440
444
469
947
477
996
118
905
30
925
404
884
0
830
120
1006
20
62
457
587
484
1004
296
161
828
881
482
965
814
991
178
0
20
455
135
900
559
850
659
116
974
729
247
846
16
595
502
447
628
227
973
613
715
550
689
535
856
0
313
396
149
913
448
724
116
448
459
477
204
3
987
455
426
736
38
1010
269
814
941
238
968
670
859
735
801
922
605
477
640
926
3
257
267
564
527
495
1005
306
490
178
118
464
0
49
223
154
242
874
404
6
451
527
701
151
814
71
927
383
529
1018
381
144
265
861
123
423
546
374
275
489
855
192
736
944
534
0
170
860
892
200
1017
746
514
619
770
473
493
164
711
173
53
349
204
291
81
519
960
52
464
975
1009
910
859
760
38
656
799
650
920
149
10
0
951
294
741
595
187
345
17
1005
302
931
660
944
618
85
704
430
1014
912
754
859
1001
764
48
700
289
225
441
849
435
577
152
678
355
400
0
916
953
614
497
496
118
612
5
68
228
695
328
199
156
390
780
870
819
547
0
949
826
496
615
869
858
376
402
835
364
839
333
416
365
454
149
682
666
270
446
53
786
41
585
465
137
28
21
250
385
364
408
892
31
581
540
472
245
881
176
97
286
635
626
251
656
684
584
433
848
448
378
345
575
575
50
58
125
665
322
0
834
175
866
477
915
702
563
219
199
573
48
980
147
1023
337
31
280
119
294
971
625
0
607
368
905
704
722
548
381
899
6
87
950
597
546
671
591
110
526
192
607
475
999
383
397
326
761
766
921
960
811
361
379
441
516
0
770
277
742
624
781
469
345
360
716
0
291
0
579
797
945
645
864
25
860
422
859
686
81
432
837
769
605
49
617
493
69
34
862
875
1014
494
173
924
94
997
225
635
515
731
163
260
824
94
101
327
180
707
666
306
318
330
300
786
908
162
49
899
314
754
927
446
613
258
310
392
523
850
1004
379
998
922
960
946
0
64
1015
878
791
413
114
49
327
57
340
924
190
497
142
831
593
669
65
206
965
262
38
612
375
954
631
697
36
80
68
710
14
407
286
307
300
174
616
282
686
638
400
401
255
867
411
984
876
343
505
306
281
741
152
39
508
445
654
252
988
650
913
31
998
988
114
668
921
740
523
0
0
780
185
607
11
603
583
729
279
201
697
295
152
644
448
445
645
734
534
370
232
949
37
926
912
925
351
755
0
75
554
500
326
116
235
325
291
169
120
142
500
357
112
802
400
111
212
776
418
752
1011
736
151
736
281
737
730
401
760
972
538
357
96
832
78
483
156
852
865
561
715
38
637
92
218
815
391
244
949
849
501
90
773
833
835
414
1001
229
26
363
1010
989
264
621
0
1016
170
822
142
180
175
723
341
121
460
728
399
488
836
289
707
817
118
814
469
237
500
458
174
97
798
533
769
85
775
561
261
824
950
495
35
567
371
293
94
661
715
807
0
467
193
540
67
422
447
688
319
493
676
385
978
660
56
752
930
442
390
423
453
484
820
788
200
909
335
717
838
711
498
606
389
114
618
260
315
559
93
82
354
487
107
168
628
917
925
137
324
64
865
388
856
866
635
709
5
356
517
350
260
692
666
741
939
920
812
620
530
230
281
829
410
110
893
289
965
354
469
313
1010
211
106
95
960
309
291
984
1001
615
722
125
70
906
167
783
545
187
98
29
809
202
228
519
1013
785
792
815
749
687
729
791
44
734
245
434
895
521
713
601
519
459
491
31
609
46
990
405
143
512
247
277
419
636
975
903
187
259
972
684
609
296
690
715
233
385
21
550
52
458
167
582
749
43
94
604
207
366
337
289
739
591
625
742
503
996
201
324
234
827
115
137
606
888
1003
206
764
634
216
276
328
0
62
836
947
151
682
588
994
203
966
162
189
555
918
527
31
967
890
567
95
871
125
291
497
856
836
833
796
378
345
331
269
795
960
420
594
536
140
223
508
868
608
394
174
761
609
467
997
327
559
714
349
271
273
722
992
180
669
395
33
245
829
49
619
977
1013
720
362
111
112
585
80
0
846
55
1003
89
803
283
492
82
439
257
823
326
14
731
966
170
602
603
300
374
121
447
464
790
480
223
595
978
947
60
161
500
273
197
326
260
553
1007
411
892
526
198
432
96
875
201
875
325
687
91
278
264
679
571
339
492
569
857
789
694
776
380
159
901
742
379
802
166
357
0
36
0
289
563
147
453
907
95
646
28
57
284
750
661
56
894
428
186
761
500
372
866
267
92
551
33
588
705
905
662
208
710
752
657
375
269
411
688
920
195
787
26
1021
404
527
0
792
2
277
724
43
89
172
972
872
232
443
350
277
464
561
429
936
142
260
578
920
23
170
983
901
1021
90
141
15
402
769
946
614
376
601
476
483
885
985
139
223
760
325
387
183
708
228
188
686
22
420
140
559
614
114
915
345
691
226
597
547
796
337
993
782
401
0
293
707
923
19
926
771
915
428
410
13
367
304
371
911
460
268
713
211
528
490
1020
720
644
50
468
542
622
24
959
721
34
1006
568
301
759
960
620
968
377
109
713
551
405
121
735
299
210
208
621
116
381
947
123
581
186
549
111
342
152
684
408
638
980
192
454
390
679
150
758
302
451
984
131
834
315
380
816
461
123
498
467
768
297
932
0
696
88
167
698
844
890
194
465
650
360
911
725
60
9
936
364
241
773
877
325
1008
734
174
286
891
643
122
476
94
503
242
625
885
766
280
829
681
605
650
408
972
451
73
891
606
0
573
166
316
976
259
916
184
693
845
502
895
294
653
708
979
479
285
145
486
957
96
497
970
494
567
441
44
974
8
261
954
396
944
176
144
164
811
159
171
959
676
451
83
774
797
733
40
660
1013
701
821
707
424
304
521
417
573
245
645
392
536
472
940
224
586
588
66
525
581
316
579
163
198
963
583
249
945
927
388
116
8
316
409
332
664
380
989
633
278
396
771
256
885
460
798
820
740
488
438
124
553
962
973
1001
254
497
499
548
238
134
505
809
245
23
0
496
885
562
283
483
149
333
0
546
61
890
906
24
524
878
608
620
411
158
634
424
400
829
989
984
34
0
587
664
158
323
559
215
83
340
698
438
715
270
341
641
513
530
252
875
524
556
704
664
815
963
87
996
125
288
173
897
973
710
700
75
887
439
822
179
297
431
62
460
769
378
80
1001
443
232
385
1015
358
969
510
85
483
516
863
957
805
53
829
197
466
609
386
882
274
472
569
294
928
198
808
575
680
521
571
963
244
444
595
424
947
512
0
681
598
667
182
748
82
315
1003
453
829
194
426
383
767
271
678
658
366
905
741
666
341
619
123
4
644
864
685
558
979
153
324
93
361
381
151
729
141
178
620
0
863
100
574
590
998
395
888
408
626
666
473
235
657
266
254
301
867
246
834
930
879
506
432
343
751
20
192
950
964
653
245
278
296
841
451
226
116
440
263
684
607
466
939
143
783
404
313
985
906
162
840
621
1023
6
390
178
113
125
82
314
472
53
964
403
931
881
981
1012
659
838
881
413
649
179
483
542
901
297
245
532
288
519
142
327
565
464
399
994
12
457
521
303
907
347
372
518
426
988
573
677
844
190
618
603
304
484
430
97
0
404
23
148
495
907
347
148
924
31
408
595
947
159
556
970
65
513
961
753
325
161
882
880
145
72
823
414
323
292
482
992
865
564
113
380
256
596
998
954
747
570
218
171
742
581
754
0
270
664
578
371
827
258
906
177
964
45
1013
411
693
15
594
751
438
616
416
989
695
269
967
274
35
959
377
162
627
800
819
631
582
794
396
387
152
809
413
964
293
949
225
0
423
0
275
227
25
660
454
631
331
885
859
124
224
482
440
297
811
435
956
742
783
976
141
278
391
43
881
815
732
143
95
346
334
880
90
614
829
985
505
248
432
629
307
404
223
558
992
45
541
84
229
717
136
250
341
771
809
509
991
658
819
326
265
43
746
839
415
362
760
892
685
520
11
558
1014
819
997
558
400
297
179
97
949
526
741
1018
802
609
241
903
24
299
328
994
733
903
983
18
741
393
0
950
730
919
203
597
962
10
999
38
465
453
534
257
5
975
467
788
817
93
320
310
368
878
47
945
355
50
1019
386
838
771
887
211
899
301
699
211
7
605
34
755
649
657
1005
250
877
289
818
256
163
797
794
909
188
82
84
677
990
728
192
480
564
810
387
25
890
498
350
947
166
173
704
869
529
925
43
883
796
419
453
154
485
440
298
759
958
141
341
24
372
817
151
644
712
1007
349
329
16
425
449
136
304
920
398
69
879
839
573
824
212
149
39
935
805
224
1018
149
597
0
974
769
868
54
387
552
710
208
585
306
197
477
779
141
631
324
290
218
415
890
553
591
993
906
56
300
566
283
587
728
204
774
638
366
405
341
969
276
278
744
464
22
947
792
98
854
884
122
432
654
849
844
850
346
48
556
508
511
179
284
683
377
466
842
650
939
1004
388
487
655
741
313
451
251
509
241
267
663
233
176
762
39
53
610
670
868
292
497
934
34
951
400
125
494
499
604
48
610
491
476
991
340
190
563
595
974
752
883
522
137
1
869
176
107
35
1023
46
586
904
160
0
979
688
478
407
442
593
832
648
583
556
280
351
191
520
376
310
905
65
37
152
508
280
568
651
507
142
640
469
417
94
285
359
933
694
123
419
495
395
283
314
268
604
386
222
945
314
180
549
841
853
212
82
848
1011
281
170
606
182
377
815
561
612
653
919
896
179
427
452
986
941
69
556
628
1023
891
678
549
160
693
479
324
403
36
669
573
99
607
163
962
0
784
999
4
31
395
515
889
926
633
671
558
857
658
527
958
656
885
487
580
733
325
605
454
849
871
916
80
189
308
261
849
211
218
196
283
557
419
854
280
619
420
70
990
80
908
176
827
62
834
502
419
83
669
175
51
537
443
757
1013
773
659
790
760
831
341
107
219
716
705
702
310
871
356
166
399
26
20
77
431
493
334
289
246
205
346
685
345
375
756
484
246
545
737
170
530
838
1019
949
66
634
817
38
858
44
540
90
404
614
315
124
688
444
864
961
561
689
963
778
855
343
861
990
6
17
301
784
267
747
608
776
567
249
769
839
176
25
843
844
327
244
145
621
23
101
804
471
890
307
296
416
988
1002
563
885
45
688
974
737
664
650
215
143
6
262
688
411
184
694
867
818
0
320
634
822
307
905
525
497
289
770
619
1002
249
35
63
494
964
663
128
111
943
584
304
860
514
559
426
323
6
904
0
917
957
654
109
188
746
990
138
450
659
77
926
122
955
70
199
139
749
349
0
760
321
567
273
551
947
798
170
515
71
662
124
452
36
115
574
986
933
371
968
269
609
519
875
143
413
1020
404
257
555
793
773
790
801
468
748
675
700
972
534
655
690
843
560
741
407
527
651
276
645
728
175
785
985
514
783
737
996
479
391
372
668
529
930
516
918
133
242
660
606
317
250
693
272
80
646
931
828
470
225
22
391
288
421
0
472
725
664
0
0
41
664
967
679
238
230
145
77
934
694
216
991
136
841
328
439
786
227
450
574
1009
633
35
53
753
624
925
255
651
481
358
892
28
451
699
702
980
216
935
927
647
131
678
555
566
396
207
98
586
97
119
515
309
924
946
354
891
857
190
31
8
266
931
460
125
36
631
459
173
581
995
79
333
865
53
124
0
763
773
456
82
893
22
714
303
422
981
967
576
812
735
754
619
641
395
385
125
363
758
835
850
340
378
448
604
714
813
100
344
1004
762
784
432
0
80
1002
275
254
771
522
883
508
1023
486
457
468
119
631
737
87
285
246
527
648
636
852
994
496
835
920
990
797
297
467
616
72
751
0
553
106
565
887
545
690
402
674
330
467
390
13
937
28
38
331
658
299
880
837
208
565
928
813
128
31
357
150
587
251
627
730
211
936
676
246
965
960
461
753
677
990
222
930
149
23
547
415
935
941
434
583
266
979
848
1004
239
0
855
735
371
644
513
325
979
239
213
966
92
464
672
287
418
1004
894
790
380
800
818
373
584
192
695
438
655
122
516
245
341
992
839
832
764
921
172
488
766
535
1004
761
0
12
924
124
388
414
219
575
650
686
742
766
600
316
274
406
770
194
707
539
995
302
558
69
447
773
384
0
779
101
237
390
797
59
881
171
362
771
635
765
604
97
374
716
559
84
529
556
92
378
70
472
249
763
4
948
552
468
256
790
574
770
311
163
399
867
116
516
805
526
1
74
807
408
636
647
782
27
563
366
602
479
37
995
252
560
749
744
768
668
738
830
605
452
68
352
510
984
948
673
0
1009
526
133
16
823
740
943
769
681
110
12
411
275
221
773
441
410
931
776
23
469
0
476
541
292
92
76
322
927
745
777
422
390
412
348
236
353
465
991
721
0
322
843
341
471
534
364
282
491
747
450
166
568
709
818
678
31
896
265
670
757
493
329
70
202
885
588
462
288
495
953
805
447
948
250
80
655
678
869
137
232
932
993
650
32
757
590
947
946
694
805
996
89
626
635
296
290
185
938
156
885
310
988
233
320
216
588
872
10
374
173
674
514
68
986
0
393
797
559
0
940
970
817
255
215
469
1020
416
660
999
589
63
961
345
294
260
490
397
228
862
713
1017
1000
674
887
378
0
502
505
100
909
0
859
863
801
863
333
60
697
461
831
288
573
728
286
115
55
673
296
361
354
665
652
607
624
821
892
925
571
999
949
878
729
936
576
84
180
997
963
310
106
608
946
794
862
744
521
173
153
267
786
902
145
991
465
708
858
466
586
116
713
535
171
400
334
9
185
181
631
323
294
949
742
524
235
752
767
859
704
192
723
629
68
19
959
797
18
283
697
641
97
651
361
1018
693
212
263
266
506
558
122
0
618
391
855
449
534
365
31
109
185
805
105
238
275
768
943
816
779
728
701
181
737
771
799
561
899
349
829
742
140
304
720
602
0
649
647
975
839
422
193
975
705
308
758
699
985
262
627
768
169
610
299
196
520
552
597
966
333
857
319
893
234
503
941
874
782
296
342
209
322
115
688
730
0
854
336
169
80
282
204
193
130
355
332
250
818
207
658
293
83
94
260
43
822
617
405
236
881
628
0
118
187
368
900
766
673
681
406
380
676
225
448
534
490
641
325
786
424
275
963
383
272
0
311
823
450
653
639
906
649
203
282
667
568
633
681
234
721
988
743
1008
321
896
874
179
265
778
346
429
374
145
1021
831
808
0
975
373
741
137
704
499
913
787
606
894
904
919
271
540
148
812
291
576
1003
942
379
209
690
636
322
920
656
308
420
482
73
744
802
993
516
322
542
939
876
391
402
621
383
76
726
300
265
316
799
777
828
128
615
993
815
710
916
678
349
541
891
339
540
227
933
519
437
167
380
243
835
1020
258
747
687
690
427
695
76
877
674
586
963
758
416
950
906
333
577
168
576
405
888
142
313
585
973
882
440
733
964
807
917
129
901
420
319
577
389
196
489
331
887
394
225
819
992
841
874
694
815
406
419
444
975
860
628
331
300
361
948
529
193
873
269
700
749
763
80
100
750
554
423
664
887
543
510
264
469
292
323
289
14
561
436
762
394
859
721
224
657
414
395
483
159
262
494
1006
658
529
763
185
564
560
764
210
509
436
443
358
644
713
384
540
318
98
515
234
582
31
742
361
933
791
377
329
900
686
904
10
977
524
564
655
9
943
74
314
859
513
679
1
474
24
69
1020
728
78
911
999
189
928
800
605
873
696
753
291
0
701
280
329
184
539
99
755
230
130
452
520
576
909
0
0
257
894
732
214
154
670
74
690
912
196
704
824
872
481
978
873
914
322
658
711
170
2
745
779
714
821
172
218
554
130
294
666
952
949
0
424
425
443
552
607
1009
478
357
821
526
539
697
2
904
1012
82
902
552
721
923
67
479
473
588
251
942
231
607
242
958
672
314
459
328
984
473
539
17
184
65
631
736
523
66
785
932
971
934
233
280
287
0
849
994
696
821
726
660
636
48
540
344
892
53
379
683
1008
639
45
844
583
895
0
875
340
636
554
208
1021
264
215
524
87
997
280
570
707
624
387
310
42
0
414
766
464
942
89
361
420
125
347
227
160
891
784
0
973
631
657
713
499
235
550
447
99
339
435
143
126
420
0
6
656
125
943
123
229
31
942
411
956
0
745
417
248
99
815
432
187
449
110
990
415
603
232
63
805
126
442
249
797
22
814
103
970
81
486
635
145
682
78
229
233
234
220
866
667
486
768
777
1005
117
527
557
721
435
150
885
894
469
611
437
976
390
865
1
439
0
260
599
91
641
676
648
870
767
863
281
64
93
81
36
955
361
614
403
629
323
36
622
376
3
808
472
856
393
343
938
780
781
188
92
339
689
891
603
177
566
160
141
103
108
846
459
627
32
486
218
594
903
162
265
391
851
62
372
763
513
751
851
265
461
926
230
751
913
766
827
899
133
363
73
584
763
212
900
864
164
980
196
236
921
966
198
388
931
690
732
826
442
671
668
1017
37
472
213
784
851
348
180
436
185
594
798
105
326
944
88
313
621
966
790
38
278
421
752
562
996
490
107
307
148
157
0
19
40
29
879
226
624
814
106
247
66
131
531
385
216
136
55
592
454
128
429
99
977
573
297
834
246
224
574
911
1013
810
945
345
459
504
792
569
487
478
905
205
965
301
580
1014
801
299
400
977
631
1022
367
239
398
817
507
596
222
894
11
491
141
440
834
463
710
243
13
230
944
183
622
834
976
679
856
135
585
201
282
856
430
687
600
350
243
316
668
678
383
481
555
341
539
279
997
55
281
831
898
535
1017
637
76
766
531
126
106
669
844
70
283
944
140
412
510
588
898
639
250
1018
350
327
544
141
657
252
853
804
34
708
241
668
190
0
141
391
957
1006
355
964
426
488
128
56
774
520
502
774
219
565
696
0
322
956
625
282
896
60
255
610
759
979
443
803
501
58
378
266
831
206
878
347
300
222
391
598
55
847
481
355
295
579
958
269
337
869
778
252
669
962
290
361
798
764
509
21
464
70
134
211
1001
443
689
512
409
540
0
195
763
428
668
606
643
774
920
399
360
763
244
1020
583
803
529
192
452
758
131
0
149
701
913
775
359
905
580
147
373
682
0
856
968
0
456
774
415
114
424
752
446
40
389
378
844
54
387
7
577
491
646
524
832
1021
600
439
735
483
509
1023
20
919
820
437
328
636
651
456
59
510
977
243
1017
531
192
93
80
662
399
206
397
324
60
752
710
419
0
703
726
795
1011
34
929
497
393
539
359
0
195
229
945
71
613
523
165
472
968
197
573
721
361
71
471
40
462
272
916
44
52
829
860
843
460
192
493
106
800
743
0
799
549
775
87
863
701
440
286
792
460
449
874
779
480
371
586
965
584
1007
179
84
351
522
728
122
704
29
844
620
79
304
715
896
186
992
505
69
296
815
479
111
709
813
539
0
973
315
443
684
486
1014
656
916
678
563
360
772
427
136
403
208
52
215
337
75
566
759
431
974
810
755
488
931
280
323
350
458
37
401
551
751
188
804
908
5
0
141
267
562
596
138
505
121
403
68
452
153
372
179
726
845
804
247
793
53
1021
323
772
757
911
774
265
726
163
92
114
998
1002
323
705
598
560
974
33
117
731
165
703
377
921
852
0
926
884
339
106
233
431
138
4
739
923
801
370
855
745
844
950
267
105
446
897
12
564
706
652
928
168
854
571
435
550
906
910
0
556
874
999
526
686
985
310
751
575
277
731
258
488
831
274
592
901
832
706
301
101
0
484
154
446
417
689
334
117
567
952
652
914
237
273
782
233
375
941
915
976
452
0
692
939
840
872
865
699
974
257
121
458
957
1012
326
74
505
962
841
204
669
471
882
547
152
115
1005
846
218
245
230
834
919
713
452
619
72
670
231
198
678
678
6
173
47
880
0
570
976
332
473
546
34
311
893
875
943
121
286
291
491
483
301
980
82
620
173
851
820
833
42
967
724
981
161
586
81
499
972
994
285
652
579
27
170
250
539
985
138
154
509
168
322
830
457
429
440
438
974
325
685
6
52
871
506
203
713
861
611
729
758
987
113
386
174
643
0
506
1009
963
301
483
110
261
27
685
605
958
930
811
137
847
732
980
109
22
803
869
143
341
727
61
368
262
242
297
973
0
684
948
167
958
199
727
116
651
735
170
593
627
813
725
139
926
954
280
972
726
297
527
582
958
631
380
637
137
873
95
985
399
258
933
1004
482
259
390
32
996
143
655
230
545
566
663
621
850
323
831
856
591
830
206
715
620
265
990
647
318
117
778
958
857
132
70
715
538
793
467
967
303
215
282
359
508
223
989
0
870
447
815
951
519
252
633
103
657
691
654
806
823
781
112
953
714
300
794
291
360
1009
890
87
25
856
979
344
260
629
165
261
1021
381
563
416
921
796
333
193
0
895
505
611
176
970
163
654
107
421
58
726
30
394
418
303
561
0
738
414
642
87
207
904
612
448
804
183
400
167
998
921
850
889
600
638
719
128
62
4
450
490
753
181
633
80
458
44
913
336
393
596
359
42
53
361
781
89
628
782
739
750
1007
691
960
834
442
749
912
903
217
163
504
40
853
438
333
783
815
29
936
494
0
824
0
425
605
248
460
268
570
542
405
43
291
270
467
701
716
93
596
596
147
728
559
201
405
271
731
781
711
1021
504
1002
773
129
38
868
710
518
444
317
298
270
961
378
106
215
781
293
953
864
900
852
256
814
776
897
402
418
1009
701
336
775
902
498
968
461
578
867
886
377
775
731
87
625
372
724
527
606
496
312
351
903
785
179
309
404
116
996
0
597
195
851
647
69
145
277
653
806
971
357
442
837
170
18
96
78
154
269
876
974
731
475
552
53
899
971
161
820
576
538
727
998
898
725
909
686
939
906
885
