753
82
428
890
601
332
766
684
563
731
320
560
25
399
165
840
895
710
807
562
830
910
35
110
441
940
98
645
217
614
353
7
488
707
40
967
334
283
363
192
0
594
169
1016
926
278
674
341
666
617
676
606
584
359
14
303
1020
234
99
508
726
551
0
441
999
618
769
942
624
389
468
569
669
947
270
541
473
528
149
260
279
178
102
726
790
572
332
33
50
647
830
481
736
875
794
244
465
218
830
379
672
358
36
248
273
266
574
938
774
216
708
342
321
636
186
297
951
162
321
177
189
659
41
247
187
476
566
658
89
829
203
980
117
291
688
75
208
259
908
55
110
307
993
395
761
80
548
490
910
484
669
199
43
307
307
211
82
491
527
313
73
711
832
615
478
838
713
51
50
0
672
144
777
94
694
179
773
41
449
552
229
902
308
962
269
779
513
147
513
694
180
887
143
337
809
29
95
465
716
301
426
698
623
409
930
93
725
240
369
242
689
64
718
133
87
987
293
58
917
407
129
58
269
33
606
5
514
368
316
1016
967
42
472
473
753
613
440
359
75
1011
810
286
592
371
758
256
9
60
181
761
347
21
724
164
555
759
280
929
504
877
0
593
0
155
986
363
519
730
166
676
348
468
247
178
822
307
663
760
810
959
706
0
945
335
275
611
0
464
951
557
38
941
469
404
614
547
364
893
501
145
364
539
73
637
135
46
560
455
225
798
188
298
376
771
645
566
972
794
821
971
37
400
440
25
687
507
173
735
102
40
597
677
172
0
0
56
964
315
658
43
586
416
988
24
175
528
71
635
103
352
519
268
257
245
562
140
58
981
841
174
655
606
349
860
23
374
110
863
797
938
498
346
910
449
603
757
972
306
314
388
292
420
728
779
452
245
85
863
659
596
241
898
636
381
737
563
487
697
870
161
380
806
955
673
484
141
89
0
453
818
918
346
15
846
286
782
440
353
111
741
785
159
6
337
966
220
221
299
578
43
452
638
542
86
744
999
349
780
1021
625
910
249
149
538
1016
115
977
81
651
397
501
911
477
758
446
266
964
98
717
90
719
965
242
615
904
433
623
674
660
912
855
653
350
780
401
145
855
958
33
834
383
561
958
69
851
309
93
545
784
126
370
90
434
659
896
198
770
339
869
17
669
279
145
317
335
691
592
408
53
1009
620
850
854
112
795
725
778
689
930
21
759
209
404
930
724
734
626
132
446
286
88
416
0
184
831
729
795
466
82
274
21
431
1013
229
401
753
233
213
905
967
706
427
289
847
716
591
146
135
260
901
54
78
790
869
347
472
16
475
248
0
966
269
748
771
402
690
516
918
486
665
371
570
825
679
49
559
0
898
320
384
1003
170
760
749
184
1018
543
535
108
255
477
1002
152
490
363
196
586
755
934
411
995
1015
381
570
835
733
810
141
608
425
894
589
317
605
552
1003
793
36
59
674
429
729
140
58
402
47
308
806
480
204
229
808
0
803
988
370
0
558
869
596
967
283
644
36
569
299
428
977
478
172
967
512
521
150
546
851
993
93
427
802
597
759
244
494
438
290
770
152
253
129
1007
860
631
395
423
606
539
844
24
864
181
399
150
636
654
982
808
546
55
408
241
109
366
211
391
986
576
313
47
693
367
709
687
491
524
107
506
1021
66
281
695
561
263
37
744
253
358
71
284
64
931
162
123
640
89
822
539
515
505
174
695
62
425
705
342
966
1002
564
141
989
644
0
424
1006
1023
769
735
552
290
605
16
441
293
193
769
614
0
984
862
528
981
580
458
96
105
499
878
983
52
351
246
208
334
756
854
714
944
923
676
953
552
694
4
191
585
910
6
948
307
408
468
392
525
933
16
224
438
246
763
328
230
1006
715
543
230
361
161
819
645
343
784
134
339
0
867
980
624
256
561
316
42
277
211
441
833
998
660
17
126
166
411
610
491
323
96
75
571
444
626
525
280
351
112
322
704
93
636
926
363
184
410
528
233
687
506
577
261
1014
111
771
746
76
882
550
209
948
593
455
165
1021
127
651
942
186
467
573
412
218
232
263
691
332
1006
920
430
398
492
427
247
715
681
501
261
113
495
801
974
116
1004
936
139
1003
557
564
855
721
446
27
20
434
753
23
551
606
0
757
213
579
842
261
771
533
915
1022
474
732
399
609
591
519
388
459
0
539
625
450
241
673
184
385
252
285
652
112
291
741
291
62
111
632
760
927
21
507
0
640
883
203
148
1023
493
509
1013
643
85
211
768
136
747
739
1019
6
966
827
30
120
555
161
211
640
704
351
790
104
559
886
538
839
198
79
47
349
0
241
711
926
406
384
118
209
89
721
398
516
619
917
350
130
816
768
757
346
824
1012
396
679
482
877
826
630
239
891
757
347
753
653
92
161
891
405
779
485
569
903
885
984
840
338
354
35
624
353
536
579
956
545
746
473
574
572
403
186
760
538
543
867
802
539
677
359
449
47
161
917
599
138
713
763
288
217
224
296
416
28
878
743
54
779
499
866
230
433
516
360
951
1011
975
943
168
648
38
93
835
603
170
999
50
212
250
822
144
19
25
298
0
258
358
367
986
423
911
998
356
466
615
462
929
434
1022
892
727
616
0
52
792
865
845
341
249
745
1004
889
484
852
0
688
728
81
794
732
909
539
693
1019
869
248
136
1011
537
246
780
405
503
727
688
502
781
666
819
629
839
1005
126
539
261
751
850
415
738
355
783
453
96
578
617
432
290
1019
584
89
339
335
744
420
8
26
886
520
286
386
462
386
561
128
42
64
604
479
965
824
800
518
373
89
89
336
105
647
59
835
252
432
194
237
176
526
913
968
758
171
362
624
524
643
292
261
155
801
908
418
732
58
421
661
281
405
511
896
311
733
442
263
107
233
971
149
646
351
484
251
54
321
396
125
941
900
194
485
742
280
181
918
264
606
623
395
377
716
927
182
655
422
259
287
839
252
790
458
976
732
969
96
754
795
245
819
82
234
797
104
318
34
167
987
488
97
931
568
573
406
544
456
594
308
744
994
1023
527
917
52
581
13
978
947
391
958
132
335
376
849
768
97
396
697
552
694
218
50
976
339
91
159
418
44
465
915
310
272
42
31
764
542
374
50
432
846
597
486
935
582
160
615
80
990
489
423
841
549
416
615
93
573
624
315
73
939
150
389
580
49
818
833
574
624
210
484
918
907
238
636
210
515
930
673
55
364
104
731
764
402
828
444
175
650
590
159
843
555
469
723
657
692
869
560
751
912
521
983
270
205
829
189
216
783
670
857
114
774
592
486
150
1016
224
71
166
982
448
845
427
306
919
317
495
446
0
54
633
703
609
614
394
593
208
890
274
488
995
225
713
765
259
656
893
577
568
291
971
404
254
247
82
882
348
638
216
986
401
50
179
707
546
112
0
129
516
963
551
958
774
25
486
669
281
103
816
704
217
183
539
100
259
725
497
393
416
474
932
737
181
785
532
826
699
30
863
513
717
341
767
904
346
148
824
577
971
82
816
740
524
466
166
341
147
0
306
750
428
65
333
699
484
900
250
918
659
745
414
995
949
989
406
133
464
552
830
637
219
155
745
112
348
65
846
788
935
550
295
928
279
339
835
328
217
3
272
199
679
97
444
734
435
161
95
44
666
514
788
915
495
272
799
483
793
745
38
769
123
792
949
948
591
118
0
503
815
278
924
1019
736
879
25
460
582
341
613
74
651
196
297
0
75
1012
527
870
952
965
933
668
811
187
874
293
300
36
968
1007
586
558
0
17
636
301
705
393
662
599
732
17
375
595
115
273
1017
934
185
996
787
869
218
624
175
468
59
242
279
684
700
865
120
931
327
875
697
384
480
278
762
720
442
237
954
346
25
689
3
358
61
906
483
615
564
570
37
994
155
575
902
289
602
355
321
801
0
686
424
73
113
731
213
20
599
915
871
190
235
475
486
0
896
383
438
334
993
861
159
471
240
495
274
740
630
118
111
412
889
901
424
574
492
985
868
129
390
817
151
622
136
1017
857
745
0
687
596
0
1004
750
125
924
58
542
62
750
868
910
348
97
396
582
780
148
851
153
953
737
404
450
575
891
481
181
15
249
893
453
807
650
929
464
145
659
128
657
903
968
409
751
144
720
486
440
544
64
196
862
0
32
1023
64
115
135
990
909
54
350
681
678
30
552
535
717
480
30
4
567
181
861
947
276
143
535
578
645
408
566
237
418
553
213
634
347
0
38
796
298
996
150
584
623
35
686
901
280
460
369
91
314
161
1011
387
160
803
432
568
922
535
563
354
601
634
979
237
571
328
136
755
789
592
953
857
678
306
813
318
402
318
204
940
739
682
38
876
801
365
284
815
97
43
691
140
861
949
447
521
350
0
81
373
0
936
667
637
171
734
504
848
777
983
196
18
131
786
354
380
631
451
92
253
10
831
856
467
748
471
384
852
906
116
0
54
377
69
73
869
628
145
16
955
375
650
261
1003
128
579
218
611
335
671
865
33
469
482
223
974
474
756
1021
272
447
297
947
298
465
388
495
554
548
274
824
719
553
95
1023
325
684
675
797
656
676
759
149
899
107
480
125
434
238
109
917
417
91
999
925
483
95
246
721
890
212
721
1009
453
295
594
566
715
838
372
347
789
578
805
493
849
894
880
372
213
133
278
277
606
381
922
629
156
716
855
660
124
893
502
508
1018
52
728
127
111
649
610
335
699
588
948
190
761
961
200
193
398
796
1018
543
556
873
289
831
203
635
452
131
88
474
694
291
650
422
386
929
160
363
820
744
681
618
30
943
494
216
613
973
694
660
190
365
359
939
591
470
931
257
29
483
951
341
514
797
331
388
516
165
614
533
765
316
593
406
365
431
889
948
742
936
466
806
14
792
392
116
326
15
111
579
93
850
754
294
849
667
242
498
589
883
598
742
964
737
914
325
389
631
428
104
519
98
313
26
931
851
436
485
401
180
363
149
35
855
26
259
190
79
443
650
275
968
799
757
827
98
733
745
326
941
288
917
954
531
944
777
731
177
126
990
643
26
599
751
418
166
390
999
0
160
806
546
275
190
898
220
879
819
444
553
0
32
288
453
91
14
835
0
304
0
538
478
143
662
661
488
593
44
573
800
866
124
285
492
644
344
666
932
517
170
956
0
29
658
0
395
886
894
554
258
531
119
0
855
882
56
755
858
591
51
130
568
831
587
689
529
519
604
317
367
769
691
579
765
161
498
925
249
255
873
297
458
572
741
587
911
341
708
795
219
217
708
928
524
374
452
266
213
609
74
7
547
800
678
81
890
577
758
694
195
218
954
7
981
423
919
837
897
893
524
733
694
522
775
0
506
857
72
815
388
633
172
642
853
905
876
38
111
871
927
476
666
461
388
0
865
280
991
893
486
171
978
246
226
850
810
526
527
748
154
614
900
26
619
912
418
366
208
733
451
79
804
800
301
641
347
578
447
436
423
285
1015
662
383
986
988
794
225
391
850
991
274
567
733
531
583
647
381
763
53
372
654
1004
487
41
55
435
998
222
238
450
889
872
75
400
234
910
850
0
849
271
167
395
309
540
265
648
34
843
633
14
456
770
23
306
64
89
182
64
330
635
31
50
409
974
91
548
515
970
849
131
273
452
662
130
406
428
479
786
525
671
379
492
964
972
0
53
323
809
869
307
461
463
939
527
493
25
497
415
428
927
97
238
984
173
524
608
855
838
746
551
998
233
230
311
76
36
272
78
871
503
758
126
147
869
350
603
667
622
724
556
206
533
926
438
63
150
95
798
263
673
351
163
472
716
95
800
111
849
675
791
806
962
616
10
805
823
201
17
603
839
410
518
552
253
367
689
192
217
120
243
517
691
40
269
1002
517
744
603
719
793
708
878
707
342
565
299
461
844
810
670
548
102
696
810
346
232
904
388
654
578
306
244
641
2
200
31
433
127
788
613
859
379
275
328
817
718
440
538
268
87
0
642
918
428
912
282
304
994
814
749
658
1012
391
447
269
595
19
415
486
62
101
151
403
137
582
710
865
818
65
863
460
109
488
875
647
73
301
449
972
141
531
204
111
239
794
322
330
711
607
191
323
363
621
634
902
851
187
285
190
1
45
731
447
454
991
147
389
723
764
735
60
953
298
110
21
174
550
463
464
860
996
260
340
992
512
473
463
726
950
647
229
392
444
312
13
634
0
715
833
925
311
460
287
745
764
876
898
855
657
975
211
122
1018
149
205
467
820
80
0
865
559
551
202
751
191
356
721
0
806
553
802
967
0
891
958
697
987
644
1003
44
349
784
1009
364
181
458
701
436
566
697
533
576
131
43
120
899
477
747
788
830
330
4
0
703
280
850
845
918
118
770
10
669
60
933
823
452
506
947
319
45
560
168
47
593
788
757
812
214
1003
639
274
753
879
513
18
12
752
140
471
625
884
316
488
360
206
404
325
954
905
911
210
298
508
274
109
825
725
116
636
465
155
914
81
747
358
872
554
479
1002
956
141
574
408
528
0
687
92
30
984
101
681
70
677
82
241
419
797
10
611
289
723
674
63
880
866
876
539
40
48
152
532
732
583
0
537
82
31
936
410
677
140
685
771
584
184
152
421
903
90
553
954
743
634
488
389
474
138
259
632
74
185
343
559
825
447
400
436
532
333
38
552
113
691
164
830
400
409
88
952
276
749
786
816
36
597
864
534
363
609
305
769
59
520
256
408
467
802
435
532
919
753
569
1015
84
227
200
191
238
472
775
721
77
200
432
899
593
73
97
120
787
588
6
77
206
802
266
170
978
829
175
581
755
437
545
698
541
783
36
778
923
324
843
145
384
293
926
908
374
859
589
887
0
128
456
11
202
466
641
727
0
824
550
773
12
623
397
464
643
140
443
483
967
566
2
3
788
541
788
368
384
237
320
534
1011
242
447
710
0
971
833
225
356
392
371
239
506
329
464
248
56
303
697
973
736
918
36
253
716
391
633
432
150
0
719
0
973
574
131
1017
226
630
242
499
405
718
0
513
298
679
669
316
951
694
170
141
5
471
741
498
468
411
456
776
784
649
163
814
111
654
883
757
490
621
280
135
623
125
134
944
63
375
357
539
432
76
925
994
780
269
912
468
861
701
261
555
904
103
956
381
10
643
861
658
443
942
385
638
963
284
618
474
634
950
688
553
275
317
709
624
12
506
189
697
932
366
693
167
208
175
522
999
684
494
392
128
996
435
805
292
714
29
415
344
593
672
1005
1000
422
760
196
215
891
856
144
110
850
435
408
582
108
334
635
633
2
853
742
0
812
336
404
40
666
415
407
232
217
746
597
1000
1008
964
600
696
28
194
506
179
457
393
662
170
955
36
956
567
1008
99
967
49
370
524
593
485
939
577
543
249
620
740
574
850
800
151
1012
534
382
708
415
695
559
48
434
98
898
935
258
538
199
485
819
542
1017
252
1004
928
303
1005
473
221
833
595
293
606
556
53
732
162
596
944
508
981
240
481
917
252
284
416
539
25
312
379
684
434
464
619
381
261
428
687
885
685
1023
810
67
104
0
404
11
720
859
842
955
805
874
936
251
154
524
32
895
117
690
401
434
82
511
518
323
718
536
162
376
115
568
65
879
207
378
409
864
744
964
277
475
505
