796
190
639
366
175
224
496
270
504
778
490
668
210
294
552
919
356
240
230
506
632
260
386
950
955
675
306
502
631
456
780
794
821
639
552
602
840
636
898
808
627
678
237
705
754
1009
96
424
423
38
530
442
297
98
530
188
645
219
250
582
960
184
553
65
574
729
601
140
861
25
133
389
116
935
251
1007
0
130
791
759
918
833
923
34
849
272
279
229
141
343
676
539
481
130
460
648
601
522
937
428
949
190
928
705
262
692
240
818
339
678
272
281
119
962
436
168
349
965
843
355
279
175
187
36
675
982
323
33
919
321
252
103
866
90
206
659
296
459
441
121
328
450
541
18
330
827
660
563
812
513
230
45
71
70
575
428
410
325
107
315
739
124
1000
894
897
404
791
928
803
986
950
859
182
192
344
34
155
933
651
25
495
207
575
818
792
876
975
333
398
0
265
482
371
419
440
473
719
774
396
838
374
840
174
760
515
688
899
883
446
1003
214
274
872
890
846
761
984
530
674
477
68
87
500
707
441
280
598
474
244
842
413
354
902
606
26
537
577
720
976
350
633
524
726
543
318
777
994
746
880
791
194
25
460
890
180
284
729
417
815
528
107
44
749
627
582
964
347
562
905
230
342
504
809
812
576
631
372
876
542
1007
903
883
632
941
959
620
553
730
189
5
693
647
766
1012
507
61
234
803
483
729
890
875
833
488
65
789
961
693
713
914
593
670
920
116
25
172
80
209
671
340
803
225
0
199
316
18
486
855
858
139
0
388
777
768
386
617
425
510
896
203
748
860
316
442
869
688
125
470
0
675
95
832
857
425
5
483
799
854
62
869
158
805
554
821
599
259
678
782
415
309
994
3
84
109
607
754
767
581
68
584
25
148
974
209
208
493
420
230
156
678
842
502
748
304
651
542
578
504
458
310
544
880
685
399
76
416
735
987
126
441
416
895
699
32
948
631
394
195
941
417
195
638
249
751
247
412
629
807
463
997
968
333
52
166
750
353
757
0
985
743
195
841
470
864
669
621
168
44
406
244
958
20
644
655
207
135
706
407
907
664
520
267
142
227
691
379
1010
544
638
363
362
129
454
95
512
324
10
297
891
207
959
811
20
925
176
861
466
554
336
708
542
173
881
452
434
615
964
216
884
143
1021
51
388
121
674
409
680
911
563
604
241
922
546
755
61
777
594
145
509
721
432
479
23
1015
970
375
596
868
756
464
315
915
337
178
519
298
407
1018
348
674
133
885
243
436
178
415
213
453
261
190
863
107
199
1017
283
583
912
111
530
388
230
432
567
124
224
723
664
984
527
515
739
530
628
591
68
276
134
11
406
424
204
826
821
125
166
537
1021
13
767
679
763
694
672
643
954
876
256
168
633
969
0
437
492
484
403
705
914
195
453
291
218
458
246
515
220
900
1009
1021
74
169
629
796
1010
501
41
396
654
398
793
225
107
803
708
589
391
183
453
469
470
315
612
675
292
990
6
783
57
50
881
674
581
458
947
245
238
965
739
77
299
128
886
324
169
847
438
318
0
0
857
424
100
56
545
745
196
178
232
868
884
503
736
499
403
776
781
839
518
629
152
551
265
854
149
811
711
583
608
832
959
639
227
694
311
962
316
745
354
866
164
755
468
72
759
509
424
57
744
794
966
75
890
838
750
351
843
593
914
207
286
115
964
832
578
924
919
146
338
952
109
912
222
770
695
799
89
45
995
88
726
96
788
291
490
850
747
22
945
297
376
755
595
805
998
55
911
465
51
100
356
67
85
826
0
977
75
159
740
580
765
637
465
291
692
242
817
1023
100
478
524
701
929
274
844
375
560
933
590
224
717
972
616
182
1022
42
508
183
728
821
940
704
27
154
804
728
397
844
603
717
943
316
25
347
38
52
735
249
931
108
957
378
593
379
366
610
137
192
545
169
0
430
266
1007
413
644
91
165
849
592
325
895
463
543
391
119
477
966
78
441
0
360
423
779
676
18
910
469
0
573
221
654
220
653
842
715
541
151
418
978
415
476
499
726
1021
705
482
746
677
615
87
708
491
642
639
500
83
533
288
907
571
770
924
451
121
747
79
174
0
311
91
788
476
772
254
782
876
687
24
763
751
408
310
504
250
162
850
738
289
663
486
993
0
192
131
852
965
274
559
563
57
98
313
704
947
144
607
949
780
54
70
271
441
779
533
676
140
468
1019
430
136
185
141
496
494
209
217
390
816
1020
3
0
506
359
82
384
345
487
584
694
926
127
151
1013
859
578
24
985
819
252
927
374
489
461
965
210
83
701
540
892
0
826
668
799
536
378
667
298
884
594
444
125
560
298
686
900
366
149
849
702
162
808
33
90
522
324
379
591
184
782
897
523
1021
508
73
837
565
873
1000
995
860
951
82
918
896
548
903
891
840
701
984
125
69
868
306
848
831
46
867
286
310
331
224
688
866
331
313
652
351
107
406
1017
0
666
858
883
922
971
154
761
840
1004
436
926
525
206
649
296
739
213
552
50
577
922
469
150
326
464
416
599
536
768
264
392
995
466
678
502
469
331
680
1002
163
81
926
373
68
438
1008
635
634
916
197
467
699
396
658
700
952
941
986
813
426
671
7
344
716
295
762
727
454
601
300
444
436
654
985
160
349
7
594
406
545
560
615
76
354
691
74
463
511
946
208
587
505
752
344
1023
876
498
327
508
479
520
429
783
184
804
93
465
772
116
303
719
99
330
431
101
560
267
935
899
649
315
1010
459
762
11
722
1013
570
506
313
950
545
442
888
637
509
820
926
26
949
19
737
656
840
734
302
447
175
579
314
102
229
509
785
378
18
234
824
600
501
789
976
201
609
469
820
391
828
709
650
102
928
816
891
477
587
814
808
958
189
341
155
988
385
510
684
639
0
20
347
727
651
650
365
734
303
38
64
18
489
698
779
240
412
530
10
540
924
303
860
487
17
413
530
7
5
68
8
626
147
817
703
0
50
1013
262
749
489
731
922
19
48
321
755
580
731
711
301
753
914
943
429
184
107
539
38
154
280
547
691
490
299
111
625
539
455
215
715
125
572
440
904
176
22
970
309
75
54
381
305
375
108
765
825
840
0
0
364
688
382
419
512
499
633
105
769
556
715
124
107
872
587
837
595
882
776
229
29
54
830
460
391
277
600
800
619
611
677
479
311
15
57
368
797
259
86
1000
187
159
588
1009
847
887
783
90
156
426
297
286
251
757
1005
370
190
66
1011
63
0
422
284
481
366
486
152
553
0
751
286
644
1012
783
480
834
903
22
432
870
718
0
498
760
10
200
839
770
554
145
879
538
459
543
148
7
556
93
521
696
927
295
890
254
275
976
309
148
324
0
743
596
677
696
1005
794
511
898
639
482
893
197
396
702
215
254
383
417
814
370
43
474
344
236
647
812
686
41
649
939
208
60
236
979
580
907
60
835
168
329
127
294
688
804
969
612
452
874
98
776
807
620
261
458
487
402
261
316
704
631
730
633
26
518
187
911
417
117
799
844
754
47
740
472
173
249
358
903
176
711
580
434
431
744
424
739
25
990
352
459
107
267
942
18
572
115
654
963
362
171
869
445
559
248
650
207
663
616
773
315
815
126
0
563
279
137
191
87
709
33
0
312
0
616
379
947
679
514
389
551
483
890
453
235
685
172
765
722
504
418
562
947
815
446
203
712
952
447
703
0
460
323
370
347
470
381
315
838
18
106
85
859
191
708
550
890
947
630
969
641
359
449
671
25
824
577
401
182
374
859
573
609
21
994
651
57
287
772
420
551
633
515
553
255
866
960
769
901
148
331
995
839
962
0
321
432
139
104
906
285
575
346
364
183
365
793
702
518
241
874
533
670
723
256
807
899
680
773
554
932
882
392
371
614
821
366
367
54
258
465
296
538
357
424
985
918
633
366
88
685
270
355
746
14
551
56
734
586
974
781
1019
904
945
810
585
546
659
373
408
951
100
725
118
511
911
773
296
106
624
373
150
811
516
845
700
274
184
693
555
769
484
79
723
122
653
689
996
106
952
854
623
499
424
335
202
843
860
54
780
734
878
817
677
439
368
760
969
844
381
882
498
421
42
970
229
382
823
339
817
262
0
776
96
980
200
303
735
301
401
786
896
959
33
424
787
84
79
229
289
690
648
321
128
460
35
275
365
874
861
308
92
396
583
663
223
771
101
336
542
854
271
649
867
559
223
645
384
45
420
370
564
153
0
568
254
776
188
686
840
0
723
402
147
671
117
153
430
620
280
514
106
997
760
866
620
86
222
44
261
739
573
205
868
766
118
527
510
494
487
928
952
182
842
382
150
431
232
1000
440
816
743
766
425
910
550
370
288
75
54
279
923
879
612
969
570
587
873
315
812
987
869
0
599
993
649
150
551
60
994
141
0
443
1001
969
950
560
464
795
612
221
441
568
46
519
19
410
933
486
281
198
741
604
324
59
854
935
644
682
318
1016
157
666
153
815
759
254
1011
629
451
133
934
166
1020
732
607
493
25
897
267
815
167
381
41
491
666
774
910
304
561
147
947
828
885
555
356
560
921
37
1002
935
820
123
98
860
999
561
936
303
438
429
300
849
928
132
989
108
924
962
1009
344
986
0
101
591
158
966
250
476
345
787
888
748
454
420
995
839
848
47
886
396
539
918
656
261
889
234
585
355
674
583
842
984
0
715
665
450
0
356
944
904
198
409
987
109
0
768
940
621
367
379
992
220
483
869
819
655
127
87
936
109
370
599
113
714
1011
884
194
165
150
505
84
183
529
601
921
2
739
275
969
331
589
745
795
713
257
844
779
753
483
508
308
295
871
212
280
227
258
392
683
888
44
352
101
1012
508
688
586
65
744
618
142
602
768
719
852
318
517
939
192
270
974
467
282
314
395
132
333
840
0
12
274
870
25
715
457
59
875
0
939
986
578
124
932
253
391
16
687
946
734
106
418
814
302
722
1014
109
491
895
214
280
539
609
998
657
876
687
464
539
1006
868
85
588
221
718
1004
812
571
413
222
374
254
823
242
923
189
470
485
494
0
419
971
0
770
379
86
703
909
831
343
819
328
657
31
402
0
70
574
749
996
892
165
967
1020
870
390
55
5
795
302
19
104
815
172
433
787
829
793
896
118
528
961
763
85
990
473
980
423
341
185
978
874
662
668
810
663
751
161
422
675
104
714
592
0
489
395
426
515
884
253
134
217
972
509
991
148
803
638
886
106
431
541
736
200
363
790
150
136
486
646
450
824
997
346
205
124
538
541
942
175
6
905
349
461
19
754
0
