518
974
591
280
451
927
118
0
361
68
816
882
456
545
18
454
353
376
669
868
576
651
335
696
261
528
350
83
245
315
450
20
249
163
531
836
430
806
488
612
78
717
0
387
744
755
403
94
452
391
429
449
813
56
65
936
160
631
598
323
749
313
0
551
260
880
899
59
833
937
891
435
41
109
7
884
769
191
679
992
492
378
615
421
597
908
454
931
88
561
862
393
511
646
127
386
61
324
95
1001
122
0
255
910
105
864
555
924
600
991
450
352
452
324
674
822
403
252
703
347
179
348
42
217
0
94
341
148
151
720
346
733
393
352
319
777
974
589
998
386
277
468
121
177
212
797
427
992
419
502
703
199
836
301
144
592
398
344
240
363
832
616
420
396
108
664
964
97
813
789
329
669
327
495
626
616
733
912
908
824
694
365
741
637
259
788
701
77
104
564
596
488
266
930
749
1020
775
670
61
445
963
93
664
572
391
586
655
469
582
32
211
407
245
115
528
1000
563
716
847
765
1014
999
223
539
542
394
1014
701
797
232
977
25
799
961
33
623
1012
73
248
358
107
867
418
806
203
14
581
975
595
300
159
935
152
197
607
295
640
416
861
729
668
624
74
900
691
885
489
717
614
582
134
333
635
37
152
764
974
170
834
376
701
203
189
945
817
950
372
752
575
152
184
410
622
671
962
111
117
866
283
55
432
824
117
42
469
371
717
257
604
906
209
366
586
209
599
873
32
84
682
245
672
682
994
691
545
958
162
545
418
101
456
0
552
971
669
22
509
586
633
627
68
806
141
492
944
690
964
599
257
556
270
659
340
15
171
607
913
928
591
674
105
263
999
211
997
546
141
233
544
619
963
437
474
232
899
643
281
910
156
175
669
673
178
138
967
803
807
578
42
750
61
342
717
165
576
957
185
522
730
903
930
595
669
1006
185
71
127
488
154
378
556
0
927
906
632
741
979
132
914
377
991
829
5
596
207
99
633
786
588
344
225
113
128
249
277
746
479
891
513
156
80
163
598
290
176
702
328
666
407
216
389
91
551
115
366
813
250
485
795
571
160
285
0
1006
798
406
628
384
367
883
660
367
372
182
833
966
0
661
90
979
468
117
885
562
329
135
815
825
58
831
195
163
687
865
271
634
852
330
0
19
1006
443
182
301
804
384
308
307
986
956
153
544
468
827
1010
725
652
392
596
767
235
424
924
771
454
0
83
955
230
731
844
986
123
350
160
637
1022
474
992
210
156
420
769
80
336
70
968
59
148
27
565
359
394
367
0
347
434
307
479
255
486
960
82
891
94
598
10
44
577
102
41
60
990
102
19
153
0
75
552
208
912
40
126
584
274
466
746
279
54
1006
763
461
389
869
284
670
257
220
333
548
555
400
301
563
293
823
46
348
998
973
537
39
664
731
940
592
40
533
813
157
576
56
999
599
902
331
599
653
417
318
240
164
132
459
458
349
124
25
577
731
178
445
703
858
587
309
255
695
468
264
387
798
733
866
283
810
52
516
184
21
676
410
394
699
266
362
167
394
171
923
975
298
650
86
432
68
298
959
150
727
817
455
284
18
0
1012
727
632
713
776
20
107
220
907
12
12
433
989
941
592
332
103
844
967
32
534
375
252
594
350
975
397
484
336
754
189
915
206
386
386
324
431
41
328
525
727
877
22
81
787
866
1005
75
452
970
548
889
115
972
229
544
534
333
1012
125
120
986
640
849
309
912
605
618
107
514
8
706
278
465
725
189
666
611
613
373
172
416
867
158
488
36
597
341
2
772
464
406
455
2
510
152
636
153
233
333
130
299
911
591
96
860
484
407
441
226
501
747
606
809
448
888
39
565
484
596
744
762
64
857
470
184
864
120
959
247
30
375
303
797
8
54
969
993
466
460
484
387
59
216
980
778
976
739
959
795
705
258
481
284
603
890
618
905
904
0
1019
975
265
781
929
561
0
686
334
393
303
921
20
998
147
1004
186
402
530
24
0
910
602
649
531
85
168
971
852
301
497
115
476
263
57
243
535
717
664
599
858
931
284
0
12
252
55
226
162
0
45
97
642
773
541
842
519
469
3
687
12
713
964
143
812
0
541
0
558
1015
88
462
563
849
931
93
549
335
708
1005
804
232
170
723
859
25
987
463
596
385
649
191
1013
824
280
296
58
1018
0
994
148
349
593
756
169
668
618
366
983
894
136
91
897
377
854
10
813
335
694
1010
465
829
196
72
139
471
452
251
506
485
792
684
397
394
1004
0
612
457
38
127
132
785
9
781
895
672
20
969
692
848
326
406
174
930
363
46
0
902
862
852
793
69
524
639
915
931
0
458
19
205
813
577
304
350
644
569
42
281
231
181
714
316
790
329
699
938
358
527
533
939
650
696
884
397
641
155
288
102
53
312
357
456
464
127
723
55
71
159
635
516
409
172
605
531
0
509
951
137
217
347
1019
585
225
787
580
398
398
827
127
807
208
205
90
694
210
788
999
904
582
40
268
109
148
509
548
703
617
878
381
667
267
783
322
162
454
544
348
766
939
390
874
141
0
735
812
611
702
592
277
248
793
736
813
713
1018
727
659
918
348
147
268
751
334
634
300
639
21
54
653
276
350
622
924
758
683
402
699
382
989
525
590
541
130
669
56
47
474
354
134
159
732
54
481
815
995
843
261
692
606
863
557
484
179
19
433
805
522
847
600
747
46
663
305
125
273
271
352
889
733
1003
621
435
929
307
254
703
678
770
658
84
979
628
624
1002
515
810
686
943
89
53
279
100
759
887
769
616
913
554
823
985
780
412
863
262
435
593
550
609
690
210
40
831
236
868
656
890
499
611
473
16
408
850
177
823
42
818
369
574
242
425
670
188
0
803
807
0
61
419
921
574
971
917
761
513
414
50
847
995
765
980
290
444
649
229
729
606
472
242
328
1008
429
461
0
27
616
47
924
0
266
122
358
791
162
617
395
1011
108
778
802
560
46
645
997
507
169
704
323
268
0
154
163
172
141
905
982
750
835
956
656
566
671
724
303
189
611
109
603
892
579
402
110
245
721
490
981
840
498
262
158
987
279
154
83
370
175
615
195
423
911
714
632
964
941
343
265
721
13
193
42
881
136
992
812
377
944
638
693
335
844
956
745
157
857
607
150
500
724
82
762
869
329
727
990
550
867
557
360
496
418
0
896
1000
455
663
869
653
1017
154
291
951
0
544
92
195
289
610
508
374
1004
273
72
978
766
856
772
620
454
904
855
453
864
179
496
754
963
500
708
980
836
420
89
624
244
608
0
751
273
450
743
853
952
686
513
365
492
841
787
480
976
413
82
726
892
598
520
343
459
602
626
947
833
636
531
160
175
501
377
320
541
872
76
607
912
269
473
862
99
995
0
853
749
839
298
204
701
605
404
166
881
34
824
0
233
229
297
939
30
943
135
443
4
411
964
643
390
923
124
245
378
36
263
473
194
753
515
365
461
789
36
256
858
74
82
849
329
821
289
705
77
17
458
697
933
299
257
232
603
259
879
517
824
647
892
360
535
704
41
311
62
466
549
0
806
340
593
58
692
447
490
312
487
463
770
0
518
628
215
428
223
886
944
894
1014
715
0
134
912
831
866
709
464
700
408
145
620
679
641
572
937
212
64
62
758
10
949
313
486
620
682
262
839
756
838
579
633
425
245
727
421
372
605
75
289
887
218
868
273
786
298
1014
453
841
724
332
218
764
451
948
1012
821
745
280
584
396
477
182
467
165
484
436
163
212
230
100
810
130
651
970
516
43
756
343
525
842
491
1020
595
426
593
479
772
513
171
569
801
815
957
819
607
965
561
567
938
749
286
542
662
903
816
9
925
899
291
966
727
944
809
950
704
475
726
635
118
996
335
801
342
685
61
256
548
950
784
742
264
300
869
631
891
985
279
716
583
499
378
435
978
600
359
634
370
582
424
866
259
473
0
122
53
784
634
0
753
24
750
124
297
831
800
89
459
787
269
788
350
457
74
668
338
60
392
350
565
214
148
410
156
274
746
227
495
591
530
774
264
750
234
719
602
408
223
715
112
327
77
397
217
839
356
998
739
881
342
138
804
217
726
172
383
968
49
188
249
145
659
250
595
550
310
635
566
701
1005
414
611
71
867
819
382
657
258
209
278
671
744
642
476
969
625
162
961
160
402
846
289
87
362
319
553
514
195
764
599
20
560
952
498
241
641
108
559
562
427
709
590
969
953
459
709
921
408
481
396
454
951
432
276
755
103
151
961
554
599
965
538
799
761
452
456
51
112
0
923
827
518
58
588
516
135
550
230
747
943
974
704
1015
680
523
48
835
27
395
94
5
41
145
695
578
212
350
76
767
760
434
434
872
487
361
81
196
117
838
356
23
647
587
522
294
997
868
241
226
301
237
820
796
911
49
765
586
390
855
567
682
3
777
99
869
888
549
12
380
368
677
190
461
377
689
926
694
998
856
810
628
33
44
887
40
973
344
810
62
428
506
92
523
15
168
755
23
694
672
356
183
755
932
0
56
851
496
552
819
804
505
534
665
636
151
39
477
870
978
831
820
360
573
990
632
846
365
217
769
401
247
449
426
388
371
510
403
43
637
358
476
160
809
696
385
17
178
16
574
120
646
866
610
446
822
424
324
841
736
167
474
364
892
366
406
242
636
427
930
481
181
534
30
864
660
240
65
874
480
831
329
16
618
737
266
401
794
814
5
139
254
215
502
93
144
648
924
812
205
498
538
752
554
688
144
0
872
73
722
48
769
263
183
460
634
879
999
618
420
379
920
455
513
213
449
518
629
457
72
0
455
94
637
856
320
298
118
181
542
72
393
495
888
637
795
562
889
628
269
409
711
259
668
919
213
211
213
539
930
242
770
648
106
530
136
634
745
87
902
707
751
266
228
193
999
914
939
585
2
155
459
434
929
625
857
715
399
220
1010
634
742
288
351
476
214
1005
782
562
324
520
72
93
509
608
934
384
372
408
390
225
79
562
980
284
877
406
493
236
50
744
911
266
851
241
162
106
569
864
0
733
886
206
0
916
138
689
434
1005
353
809
60
108
438
776
868
209
25
272
454
417
945
1007
982
842
211
131
24
499
436
843
719
598
729
521
893
517
282
629
167
262
75
198
939
214
621
924
455
363
114
883
985
758
118
260
85
696
88
508
177
936
775
900
707
683
180
637
803
192
183
121
70
497
778
542
633
428
301
0
883
854
753
258
225
767
126
30
874
379
884
456
289
1012
295
120
966
540
249
385
310
931
526
415
426
920
418
185
688
828
758
474
588
273
990
649
166
618
433
717
741
835
876
901
218
738
744
637
81
3
24
250
21
702
184
998
730
528
769
858
499
144
554
251
421
554
114
176
741
990
760
139
1012
234
708
787
619
678
694
547
289
621
135
662
790
258
675
372
992
951
259
30
220
483
568
468
869
728
705
502
588
199
687
129
180
703
719
265
472
933
845
796
227
707
77
836
593
641
6
52
718
896
140
836
607
406
284
448
0
595
104
836
4
1009
42
413
548
931
701
224
155
602
260
679
881
531
205
547
585
760
607
669
189
318
473
111
949
969
998
642
591
788
343
792
540
13
175
768
176
659
871
761
129
636
0
158
688
606
878
538
94
859
625
595
596
983
397
332
311
162
837
999
881
799
308
205
983
871
572
344
690
600
1017
681
560
681
271
884
168
730
839
443
71
53
677
479
875
888
629
733
642
19
700
189
903
955
890
991
445
333
819
639
164
355
106
471
389
5
931
911
33
997
988
115
437
277
64
490
984
633
149
807
35
375
161
219
857
100
527
931
954
528
63
463
703
119
753
881
29
833
271
870
396
145
2
270
360
99
189
389
110
148
755
119
339
94
645
69
689
974
286
291
457
557
593
155
311
449
461
370
207
394
694
633
778
906
857
157
958
50
969
668
846
195
968
1017
145
325
0
907
745
607
469
373
110
951
204
1007
185
836
751
716
451
742
736
549
18
787
960
236
904
228
544
719
211
27
566
632
563
414
941
253
777
907
713
784
104
818
852
873
444
894
415
21
503
939
685
433
745
893
569
455
875
325
257
690
887
242
76
578
776
983
525
521
951
472
661
890
313
464
781
516
248
782
551
0
424
753
247
194
972
743
789
33
266
595
654
689
416
779
28
32
224
746
320
556
787
441
613
312
428
629
549
299
70
403
1013
768
962
663
931
390
282
200
106
396
107
962
638
37
467
755
16
0
17
782
59
859
900
666
806
0
337
821
353
110
358
851
267
246
876
311
1009
249
117
956
514
320
944
450
198
455
546
532
0
599
829
70
92
992
210
464
407
975
962
716
560
797
0
742
752
555
145
621
425
1014
197
39
851
203
554
396
268
92
335
383
880
602
992
0
570
621
890
22
617
369
795
498
272
208
757
854
795
850
1000
408
633
778
947
742
306
550
91
166
520
516
599
125
878
14
35
471
793
364
600
176
433
67
0
286
529
93
1011
1011
573
619
656
739
751
616
1000
700
509
340
366
425
483
614
714
625
200
754
43
163
356
49
900
540
921
774
485
580
527
0
730
716
486
935
676
211
243
990
708
33
207
954
0
960
858
390
477
523
132
932
415
847
110
752
541
639
80
270
439
454
754
623
1006
470
0
771
772
457
801
807
270
101
250
806
1012
916
478
714
504
264
52
490
707
166
828
808
964
658
784
248
81
947
470
977
565
910
713
985
26
723
799
428
957
543
430
682
647
669
620
535
429
754
628
657
0
4
877
433
47
30
713
639
685
374
691
347
806
810
1017
797
689
312
552
818
1012
952
453
241
635
491
943
332
1013
294
0
112
962
249
353
0
978
104
164
792
447
693
40
396
633
699
410
34
949
356
731
44
95
786
58
554
1002
204
75
26
1006
148
298
636
145
999
975
541
976
19
433
370
448
259
840
987
899
549
574
664
392
533
314
709
155
970
1013
192
550
298
0
707
1017
615
255
434
605
258
119
925
766
912
858
190
647
987
756
848
7
0
160
812
259
663
884
915
949
160
947
922
887
191
699
463
765
33
413
574
986
173
192
148
552
481
188
673
637
244
883
379
852
787
191
347
300
832
580
911
335
851
34
938
316
4
550
977
0
375
772
325
995
230
532
560
824
599
367
596
905
941
813
725
1017
903
0
337
413
672
949
711
887
755
358
761
660
589
816
770
304
499
161
404
664
476
642
583
841
397
41
365
708
0
61
826
701
321
636
802
731
392
977
44
617
436
173
736
847
36
61
191
923
942
343
579
771
583
233
300
933
34
640
749
352
360
493
835
638
184
990
565
0
452
464
699
940
250
169
275
567
425
615
13
355
451
231
666
166
541
0
878
548
335
118
849
185
447
243
231
44
516
529
488
761
711
0
233
275
160
469
1007
59
963
958
82
510
755
952
315
425
917
829
139
721
22
786
7
695
839
770
494
654
575
466
0
846
198
267
530
993
543
1013
142
458
811
233
673
725
180
141
370
920
354
782
594
474
180
1003
96
429
422
890
570
951
23
775
0
72
580
1013
716
866
377
754
549
73
516
588
975
128
586
455
543
486
296
768
174
567
606
403
24
79
0
653
25
1002
361
97
982
705
78
638
484
732
958
531
897
68
954
5
948
225
0
121
636
540
845
722
580
421
87
808
783
104
101
506
815
792
87
670
519
931
84
605
418
663
943
969
975
314
589
108
52
699
636
656
302
446
474
392
965
881
748
31
742
447
63
543
711
705
880
486
952
789
65
898
146
198
28
285
586
439
304
428
432
747
452
628
934
512
216
966
570
507
170
624
1
773
881
554
843
515
797
854
875
107
791
163
300
671
222
157
645
119
460
419
124
449
489
841
171
515
881
451
194
305
1014
485
649
232
439
694
351
932
555
542
689
851
203
966
836
586
10
72
985
673
38
266
487
564
718
110
13
235
918
749
128
153
815
734
44
574
963
513
651
540
706
752
172
225
786
686
890
1013
241
25
879
963
346
80
833
588
839
0
768
207
951
264
1014
375
805
57
277
205
325
898
942
756
286
653
669
981
801
784
698
66
158
994
699
936
816
947
834
432
187
875
1004
853
14
809
776
770
634
910
788
738
439
113
279
98
102
429
115
999
383
889
126
993
281
461
236
529
396
253
184
700
476
220
898
93
621
89
751
716
910
27
327
350
38
739
809
290
886
280
689
859
446
408
409
1018
797
349
76
499
157
72
827
38
294
605
291
384
202
609
909
765
933
907
850
782
423
800
481
375
664
139
904
386
222
649
635
254
574
87
448
214
357
375
453
672
329
479
391
184
872
704
872
461
272
215
75
854
904
985
814
392
30
306
596
931
7
1020
126
431
992
259
642
457
843
1015
262
106
939
325
681
407
858
41
874
308
0
500
380
393
444
1012
607
229
398
161
805
286
1002
792
153
372
72
370
153
807
785
423
199
923
161
306
0
919
318
0
26
478
61
803
389
693
580
487
951
238
464
133
434
325
396
405
529
410
983
397
362
121
823
422
343
32
918
345
976
701
528
333
577
792
125
770
537
26
456
460
981
1005
860
309
104
903
295
419
167
506
296
163
239
269
895
472
971
33
391
1007
851
679
108
577
365
641
637
368
1017
411
14
884
688
820
694
778
678
623
628
390
280
889
491
59
175
0
200
249
642
0
32
416
329
497
926
699
525
675
0
771
648
564
678
391
185
704
17
742
637
510
185
23
108
543
519
1021
982
926
305
456
644
439
35
330
676
504
272
295
829
876
374
192
219
207
786
161
1019
812
37
31
298
289
604
908
938
733
351
541
404
761
907
329
695
237
649
35
967
734
1004
643
399
799
201
57
16
888
828
640
232
298
362
768
34
665
616
551
893
691
235
248
384
545
912
883
990
838
347
894
730
462
20
32
615
850
228
180
800
373
559
297
562
387
82
987
0
1005
382
213
342
866
983
669
538
699
514
366
593
801
0
325
228
289
861
808
446
884
85
32
797
366
786
870
452
297
50
321
7
353
1003
524
710
518
328
295
753
702
1005
564
839
837
152
633
674
697
376
564
148
806
850
973
665
998
226
544
304
305
0
344
288
23
18
762
371
585
571
733
29
885
233
906
701
99
83
550
416
515
371
792
529
442
829
68
689
955
922
101
473
665
384
413
322
43
168
428
1009
481
579
270
576
194
658
441
685
900
792
531
1007
117
108
996
701
1008
205
383
789
881
5
954
643
63
942
899
69
1004
895
132
143
628
811
787
912
274
914
43
814
264
66
99
974
27
508
752
206
323
417
135
365
327
409
884
834
63
876
56
227
1003
904
465
750
651
332
50
650
205
358
123
894
431
1004
53
713
458
267
141
726
244
260
407
481
761
926
390
39
563
349
734
911
616
49
463
273
576
374
426
679
536
111
680
957
323
985
243
483
0
727
670
226
384
971
329
265
0
805
838
426
121
148
970
45
816
799
666
148
419
583
364
960
649
1022
0
35
125
620
535
41
594
267
114
137
399
949
27
549
335
0
749
1000
338
166
576
667
626
916
372
48
1001
892
274
821
513
715
942
983
704
264
222
508
649
718
5
205
922
440
317
377
279
143
682
663
894
46
368
259
915
823
387
651
679
1023
896
434
105
446
716
189
0
925
939
313
50
148
934
237
763
797
769
482
0
527
439
952
352
532
217
498
603
684
704
432
413
465
628
593
350
588
817
327
128
934
242
394
762
412
851
481
62
557
559
827
356
1015
67
992
513
290
605
781
74
480
809
317
309
605
802
962
647
99
388
248
694
401
911
305
367
0
236
413
883
421
637
823
113
515
774
5
695
750
969
594
525
125
247
167
924
604
225
976
499
561
131
285
992
385
472
1019
923
891
530
593
302
643
905
266
457
294
848
20
437
687
780
454
606
149
224
225
344
249
0
967
18
551
189
538
98
458
709
871
200
389
135
109
548
316
879
650
140
680
333
854
216
267
513
363
759
943
396
301
1006
847
193
285
0
583
0
165
934
957
575
675
1004
583
835
355
717
200
451
21
745
742
475
8
129
772
444
81
53
652
214
542
336
732
194
997
113
963
242
555
105
343
342
483
276
327
270
855
445
1020
822
650
318
280
805
19
550
896
438
921
909
469
798
572
110
859
946
526
808
133
805
116
775
980
60
198
661
469
205
554
359
773
109
575
65
1012
964
19
416
485
65
107
500
699
878
978
822
311
701
362
354
623
268
630
298
822
828
553
760
104
553
245
73
162
635
791
227
325
414
682
629
931
843
211
88
1001
736
707
1014
746
48
674
107
105
952
879
658
100
227
790
626
527
184
114
754
934
552
844
122
959
335
230
246
797
221
109
275
333
582
367
461
539
252
999
931
713
507
411
741
764
523
390
930
595
663
407
57
422
479
253
935
982
103
135
817
757
848
162
909
762
983
640
485
897
384
891
962
976
647
284
611
16
87
445
901
896
0
227
783
189
340
279
152
595
395
429
57
892
416
370
406
974
777
284
792
855
847
384
524
412
471
170
516
248
253
223
689
684
787
214
58
0
629
27
933
724
211
212
829
16
593
75
764
205
348
28
15
643
394
132
141
254
905
593
372
120
28
748
168
784
907
539
958
590
810
34
299
491
502
429
622
40
807
579
344
637
398
223
102
235
556
273
454
60
145
124
571
146
213
758
168
443
278
258
768
962
913
547
464
512
0
688
931
616
323
724
994
9
514
506
580
49
534
409
931
62
624
540
429
179
568
449
1008
427
375
113
548
931
190
276
247
12
330
2
26
512
729
690
527
397
258
465
192
123
559
177
557
858
124
786
476
722
573
981
284
908
71
981
826
252
404
610
488
927
894
564
74
729
604
386
432
454
544
714
106
865
730
450
803
77
814
355
893
182
302
380
189
647
169
66
554
462
210
928
797
461
648
413
979
820
638
452
76
307
352
106
0
966
243
729
514
540
354
219
836
866
363
176
518
100
889
248
81
641
631
721
1019
96
95
763
802
590
700
537
67
591
631
318
372
355
721
543
376
180
757
642
39
109
318
184
872
197
152
329
905
665
0
124
532
554
442
194
0
502
724
19
314
881
941
259
731
570
480
673
735
453
135
864
162
334
111
751
691
597
349
323
48
480
536
756
317
356
771
687
841
854
756
791
323
868
605
127
946
371
163
515
736
218
738
1019
918
810
858
667
