91
144
284
196
233
314
251
984
485
968
723
266
839
13
672
180
0
76
222
537
150
709
254
484
476
409
750
18
125
69
302
999
881
21
35
236
408
674
533
23
486
193
49
883
654
72
779
279
844
193
79
801
306
265
465
203
889
445
649
453
778
941
718
225
258
779
599
552
386
643
556
227
726
468
604
197
479
225
36
116
301
388
0
613
204
406
656
952
950
294
303
759
889
599
802
787
447
92
636
275
801
841
269
327
959
0
890
303
286
633
549
76
778
1023
288
631
388
11
155
544
678
783
176
432
996
273
56
645
293
694
448
686
556
172
220
737
571
516
753
596
217
847
248
627
528
950
470
544
395
764
734
318
488
393
175
0
248
82
972
478
99
726
447
757
499
6
353
511
347
574
370
577
283
69
195
994
107
45
430
996
762
314
154
305
939
226
869
273
708
415
621
16
115
258
451
633
1002
118
790
127
406
787
577
0
407
88
823
383
857
60
14
639
717
101
1019
243
103
357
0
574
605
107
1000
625
884
400
774
726
349
378
714
842
280
868
795
160
141
15
559
682
112
889
877
170
1010
345
790
683
890
939
305
84
641
830
8
836
434
857
825
312
353
974
0
511
645
839
521
1012
11
133
211
800
528
111
726
529
11
728
907
265
758
269
852
552
983
972
62
912
412
378
181
106
367
111
640
277
252
979
819
880
141
180
280
541
953
821
276
494
757
903
99
132
206
865
519
180
839
701
934
633
700
476
202
966
44
349
371
80
2
19
473
63
948
216
697
240
260
454
437
64
421
858
383
968
698
335
453
525
750
242
509
720
573
371
896
271
853
574
341
293
128
950
795
853
309
501
128
397
301
9
342
128
861
248
997
277
234
638
493
505
293
522
759
642
181
339
53
480
1008
550
239
356
379
384
51
167
979
880
228
961
432
320
186
695
600
956
428
0
185
887
844
18
111
11
905
288
84
220
567
603
255
672
842
513
886
92
949
756
753
699
665
477
616
997
182
352
395
708
368
240
1015
466
852
101
712
783
307
965
359
346
711
370
265
552
311
199
801
956
482
227
737
295
903
785
763
1005
847
443
0
816
139
869
967
328
145
350
611
359
177
859
100
233
727
300
890
973
46
866
566
358
886
539
15
711
945
0
196
585
962
554
702
788
364
984
146
405
935
93
499
190
105
763
434
657
401
0
960
98
314
14
930
113
446
370
278
180
509
710
43
570
287
952
933
472
391
116
713
127
763
66
262
819
603
187
112
738
248
736
31
162
449
254
224
1020
198
384
716
910
974
216
194
428
883
112
141
840
742
495
939
857
64
875
838
43
1013
337
892
617
155
70
214
371
603
332
24
250
425
391
763
836
1011
12
511
258
475
332
749
1009
248
683
967
837
25
593
618
230
903
491
994
539
5
699
151
561
80
372
949
947
783
963
649
91
19
449
847
658
243
924
718
312
373
552
995
0
331
619
574
787
210
199
241
734
666
150
407
636
670
803
123
306
748
310
143
479
416
205
735
765
372
443
557
158
348
244
220
849
433
99
812
123
1007
377
98
726
588
241
516
710
292
783
743
808
957
924
607
98
238
281
17
796
377
1010
137
570
998
904
250
673
0
252
784
665
366
433
645
299
665
127
725
2
626
465
0
343
327
380
766
56
932
937
795
139
474
912
72
249
172
0
844
922
561
193
404
333
357
607
0
221
104
432
809
234
46
578
183
304
209
603
941
130
195
45
533
607
638
289
191
45
340
60
250
823
885
988
60
451
382
804
451
630
940
850
50
470
481
689
797
93
740
672
339
44
33
431
308
1005
148
487
430
839
267
149
88
904
705
629
350
745
554
928
953
842
910
738
537
204
718
662
262
663
352
858
609
63
558
362
470
370
348
880
813
767
691
152
454
432
195
419
219
354
669
704
112
374
921
469
64
290
171
1021
524
1019
991
955
302
749
664
0
724
736
57
226
11
873
661
954
539
315
450
976
577
698
269
182
806
872
487
944
461
39
655
914
701
120
850
85
629
226
951
19
756
924
645
995
699
383
148
209
498
268
518
964
126
690
400
273
509
920
562
350
298
315
193
736
435
718
552
313
421
601
89
18
605
749
214
918
602
208
807
787
824
957
981
102
569
270
612
432
747
414
84
300
516
0
624
95
171
160
760
235
287
216
91
997
611
833
373
218
602
541
430
475
842
653
159
521
499
470
0
0
66
1019
499
795
591
989
860
998
801
443
1005
295
372
880
161
247
689
702
0
795
397
785
114
650
948
450
787
174
0
404
547
1001
932
21
248
34
107
19
202
1005
620
706
771
616
167
96
0
848
287
708
216
1013
932
620
842
678
166
523
772
349
918
487
499
877
617
683
952
593
240
628
320
392
893
493
685
326
403
780
459
577
574
324
853
978
941
969
604
974
141
107
992
602
422
272
482
555
470
949
730
314
530
956
795
537
130
288
0
149
85
182
972
499
436
930
517
387
167
974
702
503
334
243
433
914
140
804
859
0
300
0
346
816
872
243
1005
461
592
952
20
99
136
295
965
838
884
38
826
996
1011
764
985
217
383
130
883
571
844
468
740
607
358
743
273
75
789
134
602
846
667
149
999
699
626
118
363
4
1005
406
773
362
584
533
122
820
809
353
215
651
29
192
583
397
1017
588
998
40
913
324
826
551
473
816
84
834
756
18
674
623
357
248
898
131
518
343
1015
259
778
171
846
204
39
618
212
498
305
823
856
838
295
675
300
983
225
139
18
63
504
581
473
860
380
363
551
789
750
999
968
915
262
925
164
804
407
571
1019
221
107
949
274
763
164
615
437
13
2
548
276
746
384
994
347
890
72
41
880
566
211
744
426
1012
67
551
318
310
695
100
588
982
36
133
202
868
125
842
523
882
289
452
698
237
958
73
599
578
946
759
583
68
816
76
786
926
87
0
768
968
44
335
654
676
209
51
587
628
176
553
772
507
331
513
997
1009
15
763
214
4
7
384
250
17
475
539
581
350
423
917
825
519
746
947
556
951
953
394
144
424
459
892
278
790
494
575
263
124
958
697
633
722
641
946
939
599
686
116
259
895
950
215
247
654
0
70
241
294
618
437
119
711
434
600
292
878
415
130
615
889
749
594
868
231
69
699
161
740
202
960
41
725
160
889
910
99
318
503
271
776
1020
290
37
813
672
640
1021
1009
950
179
690
360
160
103
803
291
256
511
655
180
361
897
998
466
354
611
152
72
931
795
1001
872
312
707
292
681
0
889
498
429
209
522
765
960
789
261
360
332
510
225
47
130
597
68
599
0
902
282
657
708
727
58
417
456
43
668
122
774
421
985
558
118
78
861
920
701
553
641
245
343
887
35
946
923
39
999
483
334
411
860
762
373
868
973
742
576
211
426
223
782
993
774
271
824
306
259
605
688
49
234
313
41
325
495
646
130
379
429
882
277
893
8
642
988
782
888
1022
195
994
593
141
665
559
48
599
781
731
1010
306
909
199
633
344
401
743
717
125
506
941
960
273
935
672
351
871
284
342
955
154
215
699
132
402
464
643
574
43
313
69
351
747
753
726
584
408
459
191
536
532
485
291
847
485
955
0
175
251
954
930
3
599
805
536
39
587
578
807
242
578
779
19
143
0
676
884
398
681
850
382
783
523
161
876
717
42
38
20
179
865
434
181
187
343
688
471
783
526
449
407
754
0
913
748
485
792
203
0
857
466
985
692
694
843
202
973
122
186
465
763
250
759
621
503
831
356
490
731
391
313
871
25
443
41
818
909
797
519
940
0
323
424
0
165
559
994
75
294
462
482
255
929
239
310
849
764
276
908
252
865
817
520
865
778
0
298
229
388
0
839
256
532
865
489
989
471
987
30
581
437
674
264
755
914
410
996
150
168
54
448
616
620
813
927
22
866
969
75
652
542
1019
867
1019
472
192
677
79
463
907
938
960
857
942
592
31
852
426
792
751
804
936
867
604
501
654
364
764
924
181
935
187
746
756
588
162
778
493
35
307
949
434
266
159
904
869
56
183
327
633
313
86
727
783
912
297
1011
81
376
479
801
664
980
658
769
186
960
567
192
742
961
927
591
59
637
140
91
661
972
816
87
68
70
341
105
879
402
684
