92
105
851
220
952
68
101
7
81
923
739
236
756
822
912
841
484
0
516
901
136
132
149
432
39
984
567
20
236
997
241
22
482
688
1013
263
348
911
472
249
70
742
695
989
834
272
0
951
824
954
885
879
202
716
19
868
605
706
178
6
45
905
445
718
672
467
132
0
325
725
822
658
706
725
742
186
732
790
381
191
0
348
438
429
131
836
488
483
812
334
690
994
126
659
415
74
0
363
220
548
245
159
938
99
997
392
85
859
506
727
326
250
941
541
187
646
593
184
87
32
997
377
920
304
189
385
550
831
961
113
742
388
849
67
465
229
595
809
921
277
539
33
465
234
1009
265
269
930
356
613
0
349
887
892
461
808
756
499
65
936
601
112
174
60
849
623
80
120
234
310
762
48
632
115
165
490
859
903
702
167
311
896
853
486
200
320
913
103
978
74
143
351
92
904
975
1009
781
33
932
19
55
475
935
770
275
795
448
128
518
166
428
50
425
802
90
226
639
1022
289
96
491
499
959
350
773
308
786
1008
96
190
204
575
460
50
665
330
168
247
616
509
79
881
127
938
845
789
52
904
55
283
652
729
245
730
44
937
499
447
873
949
979
899
737
1021
891
836
1007
705
269
866
634
753
241
677
968
865
362
142
456
0
23
701
249
966
132
1001
592
261
694
808
203
680
988
644
464
305
399
997
325
570
701
577
534
286
791
168
834
136
703
278
73
706
72
748
235
838
703
563
2
58
614
322
147
233
273
614
294
207
607
969
4
624
318
515
809
844
213
111
406
673
68
714
1015
956
328
629
470
438
620
422
254
2
233
301
954
166
408
996
737
849
613
468
811
613
952
217
999
215
495
586
402
0
962
14
469
968
634
683
416
928
133
156
386
883
336
395
701
286
440
194
211
861
462
435
459
796
127
295
407
616
904
156
168
2
451
351
843
30
809
695
569
765
662
49
137
627
873
61
349
9
466
299
239
227
602
241
581
495
993
23
976
516
86
793
372
956
933
21
826
871
678
289
34
859
662
788
311
927
525
826
946
515
217
544
226
692
135
0
349
474
315
784
222
892
181
697
784
870
94
306
391
362
704
757
961
386
1003
76
290
550
420
167
318
658
335
899
157
237
790
984
545
374
359
640
514
140
979
941
606
804
227
466
910
82
506
843
155
341
738
321
49
920
584
806
669
824
999
233
0
0
638
295
212
476
1020
730
961
232
617
390
350
947
303
860
741
537
33
19
412
982
229
349
177
531
505
43
532
222
439
875
959
294
593
190
87
404
872
44
802
391
950
390
135
228
310
517
204
136
29
743
630
694
875
574
700
321
596
1013
460
174
814
743
19
638
857
593
229
0
624
536
299
636
958
681
793
667
789
214
62
1008
649
717
665
597
869
557
876
731
702
692
535
490
368
788
939
484
203
825
535
434
37
301
958
6
170
333
700
134
253
6
242
533
106
945
662
845
286
245
908
0
277
56
217
566
945
335
590
369
688
443
913
538
205
235
49
998
81
451
69
962
34
90
935
1005
274
67
942
729
686
566
466
16
304
170
849
622
333
0
108
509
824
200
865
649
441
635
335
536
899
955
15
235
733
222
775
892
270
24
66
36
0
371
268
16
621
604
111
541
189
586
920
174
557
790
513
347
972
566
121
919
604
678
817
198
429
708
768
32
829
959
786
959
714
54
1005
263
30
510
1019
771
514
815
714
182
951
466
816
397
677
77
662
744
59
739
280
881
215
296
973
394
663
1001
150
787
30
1001
302
591
604
289
969
1003
995
102
155
645
602
345
943
409
240
389
682
926
863
77
821
281
902
60
33
902
707
530
817
922
596
20
849
369
87
44
991
705
993
671
791
359
345
526
54
0
531
142
433
76
409
178
763
190
574
897
514
416
200
357
427
217
826
999
393
627
235
33
350
136
980
548
15
521
647
373
629
996
384
48
494
142
43
1009
855
380
208
905
23
497
697
280
955
156
352
354
111
532
173
946
981
2
458
534
715
500
263
959
246
1003
815
144
892
950
904
427
423
160
801
652
555
0
104
876
414
165
219
702
669
135
502
850
20
241
273
444
835
158
350
871
547
40
876
701
79
404
766
554
360
667
0
804
751
425
524
241
658
718
393
804
796
700
420
340
844
659
981
579
739
242
347
874
844
71
727
266
570
960
837
183
608
713
97
94
824
386
337
812
449
693
986
161
310
278
663
273
466
368
238
520
941
744
193
423
595
177
990
427
956
303
534
685
367
112
591
418
207
179
391
415
916
607
166
629
296
204
712
866
602
938
676
713
483
843
494
742
584
180
406
949
1014
638
936
919
410
534
807
434
465
76
284
988
0
460
818
341
666
909
864
422
885
69
347
72
698
311
874
207
0
588
538
713
490
486
775
81
409
726
353
536
908
236
880
616
713
741
393
173
783
602
89
248
154
114
986
690
1002
986
888
888
645
688
375
871
251
567
690
257
824
986
824
0
410
574
358
387
803
1014
634
956
822
114
921
481
67
273
445
357
658
634
595
951
835
891
298
921
269
706
681
273
227
502
0
949
855
996
790
191
857
695
572
14
109
914
93
939
520
918
312
51
365
493
815
633
0
877
735
742
521
15
459
295
661
0
145
392
185
54
124
797
6
802
277
418
903
820
516
960
288
372
50
0
880
622
14
790
531
277
480
723
704
478
396
1018
153
416
584
257
196
300
90
562
830
782
881
459
719
742
595
466
365
689
429
644
466
943
522
774
488
139
231
622
4
441
350
627
122
25
499
795
221
697
343
933
731
478
143
529
724
508
524
545
3
734
901
316
934
648
322
204
559
772
995
256
773
160
268
75
87
201
374
922
495
862
937
259
27
182
702
233
60
468
763
561
165
572
284
822
781
636
878
262
965
693
465
196
937
806
849
951
514
429
665
984
373
836
680
242
752
0
575
932
471
202
921
267
763
0
1005
346
309
534
501
102
79
602
925
926
417
641
814
49
390
831
653
890
403
428
352
246
469
959
771
958
612
67
193
279
319
199
0
209
167
120
374
737
260
986
1017
93
1006
225
717
102
464
544
971
335
118
361
136
485
506
841
0
559
307
766
526
309
216
184
662
755
740
688
239
242
431
556
146
960
678
392
975
1022
184
601
106
442
485
0
1003
800
855
193
531
527
699
44
452
424
458
952
819
749
744
666
624
72
728
515
159
862
812
540
806
150
400
995
489
619
796
989
949
720
493
381
495
135
31
498
587
577
863
992
498
41
974
638
715
303
443
274
16
937
448
52
834
628
726
319
236
218
459
657
764
341
1023
155
117
644
258
785
631
554
792
54
25
437
999
737
256
372
676
538
633
233
238
525
776
232
299
239
329
566
536
651
984
801
624
944
595
0
835
605
359
976
664
111
987
354
576
626
491
598
816
535
0
1007
198
83
239
456
52
79
0
41
472
418
158
267
648
95
1013
439
16
42
400
678
978
254
566
126
173
482
155
716
0
718
696
103
515
507
457
193
206
183
0
717
208
167
98
47
714
367
359
68
104
136
