0
391
782
149
540
931
298
689
57
448
839
206
597
988
355
746
114
505
896
263
654
21
412
804
171
562
953
320
711
78
469
861
228
619
1010
377
768
135
527
918
285
676
43
434
825
192
584
975
342
733
100
491
882
250
641
8
399
790
157
548
939
307
698
65
456
847
214
605
997
364
755
122
513
904
271
662
30
421
812
179
570
961
328
720
87
478
869
236
627
1018
385
777
144
535
926
293
684
51
443
834
201
592
983
350
741
108
500
891
258
649
16
407
798
166
557
948
315
706
73
464
855
223
614
1005
372
763
130
521
913
280
671
38
429
820
187
578
970
337
728
95
486
877
244
636
3
394
785
152
543
934
301
693
60
451
842
209
600
991
359
750
117
508
899
266
657
24
416
807
174
565
956
323
714
82
473
864
231
622
1013
380
771
139
530
921
288
679
46
437
829
196
587
978
345
736
103
494
886
253
644
11
402
793
160
552
943
310
701
68
459
850
217
609
1000
367
758
125
516
907
275
666
33
424
815
182
573
964
332
723
90
481
872
239
630
1022
389
780
147
538
929
296
687
55
446
837
204
595
986
353
745
112
503
894
261
652
19
410
802
169
560
951
318
709
76
468
859
226
617
1008
375
766
133
525
916
283
674
41
432
823
191
582
973
340
731
98
489
880
248
639
6
397
788
155
546
938
305
696
63
454
845
212
603
995
362
753
120
511
902
269
661
28
419
810
177
568
959
326
718
85
476
867
234
625
1016
384
775
142
533
924
291
682
49
441
832
199
590
981
348
739
107
498
889
256
647
14
405
796
164
555
946
313
704
71
462
854
221
612
1003
370
761
128
519
911
278
669
36
427
818
185
577
968
335
726
93
484
875
242
634
1
392
783
150
541
932
300
691
58
449
840
207
598
989
357
748
115
506
897
264
655
23
414
805
172
563
954
321
712
80
471
862
229
620
1011
378
770
137
528
919
286
677
44
435
827
194
585
976
343
734
101
493
884
251
642
9
400
791
158
550
941
308
699
66
457
848
216
607
998
365
756
123
514
905
273
664
31
422
813
180
571
963
330
721
88
479
870
237
628
1020
387
778
145
536
927
294
686
53
444
835
202
593
984
351
743
110
501
892
259
650
17
408
800
167
558
949
316
707
74
466
857
224
615
1006
373
764
131
523
914
281
672
39
430
821
189
