174
515
175
989
164
856
0
376
237
367
802
541
365
738
20
401
569
696
0
0
867
980
249
252
891
651
882
280
954
200
896
902
596
830
258
719
47
524
358
678
292
893
392
523
931
766
84
447
297
478
699
624
678
668
291
936
415
522
534
0
751
292
373
560
967
860
837
451
910
345
460
1007
460
941
504
67
229
672
891
0
918
232
904
715
607
538
866
316
365
206
122
821
442
422
891
707
924
821
452
515
298
616
747
854
11
431
579
258
112
476
565
464
896
793
730
676
907
622
75
507
250
252
204
718
701
685
250
44
270
18
531
920
384
295
551
449
968
408
55
870
714
1011
252
895
504
538
651
987
604
64
655
292
0
59
577
409
57
814
804
567
879
604
824
900
32
976
815
682
267
128
373
900
429
77
497
125
514
717
666
591
903
667
177
943
980
416
81
524
905
847
14
697
455
287
442
208
919
87
842
813
756
45
686
301
721
540
273
722
678
553
180
504
870
208
82
972
963
958
892
258
229
207
931
956
783
803
867
419
165
35
811
573
184
443
984
956
916
404
267
40
0
302
425
408
567
736
235
978
1
786
199
617
306
875
574
349
557
460
1
339
808
477
551
894
796
752
88
616
246
788
596
611
361
200
905
596
0
136
748
343
190
858
1004
121
512
877
531
675
464
44
857
484
807
763
430
937
407
832
137
206
286
165
597
859
556
922
558
737
269
0
54
564
547
122
846
959
655
833
666
24
905
199
188
326
58
293
323
975
218
810
105
168
98
791
157
371
343
422
668
66
197
366
226
54
592
317
48
678
687
601
236
754
675
507
917
372
516
258
392
787
423
322
0
187
331
959
751
891
854
668
796
414
155
316
538
380
61
397
532
679
468
515
939
966
336
230
564
764
998
947
980
735
470
90
154
294
0
797
301
913
728
454
216
113
845
493
694
801
133
400
620
406
715
391
716
190
886
983
780
674
235
661
352
370
434
272
579
143
456
140
833
459
802
697
921
587
656
261
652
539
59
393
625
997
957
742
772
668
462
392
17
432
635
188
0
869
845
69
917
283
318
333
638
478
291
429
0
726
349
552
177
266
832
920
888
289
242
883
347
502
797
286
18
712
133
108
906
957
241
556
587
482
615
104
952
748
0
982
389
439
316
398
706
405
136
116
662
430
661
112
881
326
892
396
196
688
645
369
978
393
534
685
663
426
772
152
106
944
962
483
168
354
388
330
82
285
821
624
344
27
692
949
314
1009
877
950
283
888
619
0
989
799
610
892
421
929
523
560
953
488
893
14
441
744
736
172
731
719
159
836
790
146
359
364
890
970
583
135
872
288
391
486
71
485
230
408
81
253
879
53
765
55
970
385
294
331
395
102
426
964
131
412
653
215
674
624
733
901
415
626
944
64
885
879
166
629
951
615
914
663
274
813
266
126
457
475
476
515
740
771
348
48
250
444
392
87
85
929
31
713
657
60
627
0
971
325
162
54
222
557
32
558
32
558
782
399
323
225
421
773
851
479
427
554
854
434
709
382
937
40
383
379
308
86
479
196
1002
271
724
872
1018
13
938
136
452
127
982
65
136
772
33
166
644
83
931
423
349
560
211
512
1004
679
209
847
790
890
234
0
801
606
723
748
44
499
985
522
977
463
371
26
93
455
545
402
650
170
61
622
0
794
219
16
525
428
908
171
340
463
393
342
842
481
213
424
162
818
167
1010
983
349
151
283
244
379
363
115
192
114
963
751
638
503
844
254
137
957
260
1005
325
969
633
913
174
3
200
764
141
969
674
311
213
703
180
812
487
867
2
772
882
865
710
479
111
810
866
84
607
771
101
414
0
133
999
954
611
0
220
235
101
494
948
212
295
968
792
175
440
402
296
323
349
796
734
171
872
139
738
368
54
1013
447
287
687
320
373
370
244
60
316
559
524
239
200
325
390
178
456
395
525
245
556
333
40
783
161
394
782
277
396
767
474
774
675
587
49
658
583
645
425
943
704
62
696
473
178
16
513
804
995
41
168
149
869
59
844
625
409
316
211
766
75
247
98
304
967
892
51
733
579
437
884
148
1003
563
443
725
537
654
328
582
819
671
929
883
875
619
165
146
267
1010
210
741
179
819
342
553
567
577
387
738
395
331
876
132
212
724
449
17
875
978
0
242
249
293
8
631
695
758
583
697
150
257
487
233
181
145
694
742
203
926
706
235
519
803
305
762
984
144
225
0
488
92
133
574
792
728
11
769
310
503
894
125
345
47
549
513
815
771
997
806
958
892
977
990
783
386
891
19
853
781
454
351
1023
491
813
757
256
358
172
504
693
823
442
382
57
703
457
460
824
288
40
291
494
644
147
478
682
117
431
100
70
443
17
955
406
33
446
230
185
894
636
653
39
508
21
106
846
1009
630
761
419
1021
549
971
525
181
494
533
120
944
315
708
172
732
811
164
35
838
120
516
65
326
23
34
695
358
690
449
208
479
982
475
303
253
667
476
414
0
350
787
980
459
2
229
772
376
1011
645
253
754
351
723
56
470
980
916
375
391
679
1006
394
203
932
912
798
728
508
87
602
22
232
869
860
191
671
280
743
260
189
868
139
709
1012
139
67
589
25
498
43
204
556
221
695
997
960
582
284
958
378
572
966
558
719
624
495
752
810
327
671
900
978
849
755
1021
848
532
832
250
476
35
195
114
418
54
799
621
939
298
359
184
167
262
175
14
619
49
912
41
954
629
2
434
406
859
522
133
699
828
951
568
987
1005
459
596
1019
1011
145
742
1007
291
204
74
501
75
720
355
204
346
717
394
1010
974
563
655
499
173
912
888
355
194
754
378
679
978
2
149
189
361
88
559
134
135
499
146
806
532
789
905
238
667
242
52
487
545
261
766
227
243
770
259
810
308
11
216
353
672
144
695
640
520
64
743
560
945
55
52
239
145
0
675
