698
100
544
786
491
949
588
387
15
470
1023
383
610
880
545
1023
163
166
174
157
516
659
260
679
89
377
988
454
869
35
87
128
758
463
1023
328
284
555
478
932
746
489
1010
137
108
407
700
1022
742
458
197
551
208
442
527
80
573
634
9
782
331
0
455
566
78
826
250
554
798
56
848
970
986
711
534
875
673
543
91
478
135
894
703
989
197
432
287
699
434
828
402
379
218
250
352
957
199
621
25
298
350
120
847
244
323
516
459
936
351
1019
619
708
444
0
893
480
824
347
283
573
545
552
187
126
470
124
614
173
536
317
251
332
797
683
310
628
829
514
727
421
946
61
508
271
595
233
704
41
487
970
528
741
335
225
0
705
941
589
48
225
862
521
31
591
683
147
714
55
67
489
668
369
567
101
292
67
128
663
506
581
821
66
439
504
677
209
837
19
742
217
244
591
332
0
446
129
831
742
195
910
17
136
327
651
467
164
560
664
824
449
557
382
764
399
983
681
175
108
559
625
972
973
285
299
538
76
219
460
948
80
1003
162
863
839
143
460
783
432
785
800
963
0
664
1017
965
478
611
431
42
581
499
409
454
21
230
18
146
112
238
609
996
574
883
812
602
971
222
573
813
30
849
407
91
503
161
869
164
522
570
507
381
913
310
785
551
906
322
338
150
761
532
155
405
25
441
544
604
126
94
678
432
0
748
731
532
785
611
205
308
492
559
516
773
904
425
933
192
1
146
172
776
560
25
108
694
592
84
243
644
256
853
695
675
109
159
517
581
554
116
310
788
567
557
804
816
654
349
599
0
328
941
337
231
425
90
376
0
941
961
23
895
397
510
602
758
461
331
184
1003
954
313
485
0
334
594
1001
180
874
415
196
556
509
578
763
300
162
687
8
333
995
137
249
505
163
86
848
979
470
303
853
834
565
931
656
978
479
397
633
320
687
30
418
623
258
268
30
1002
710
736
47
600
330
662
819
355
881
167
994
275
275
1006
485
284
760
175
325
874
158
108
805
938
703
678
261
53
564
165
583
272
818
651
260
598
342
146
809
575
348
269
797
318
882
159
760
254
822
946
499
688
196
802
327
666
507
451
388
87
590
473
921
170
459
284
857
373
853
76
288
718
737
59
342
1010
944
398
563
865
94
483
954
654
688
152
539
532
606
285
288
0
128
447
265
945
747
766
695
318
0
949
171
254
682
547
374
979
335
407
391
964
874
759
61
241
674
127
529
333
297
839
719
752
140
353
987
471
490
685
0
727
741
136
944
185
778
235
1008
683
981
218
680
775
336
930
334
234
479
810
140
660
851
193
402
645
807
0
800
656
685
92
325
33
55
319
630
858
230
793
972
302
1005
572
794
837
133
715
20
1015
793
482
45
543
926
223
820
224
305
898
206
648
632
302
965
696
850
927
583
58
506
805
47
91
510
672
0
422
757
719
514
438
911
851
516
553
227
808
607
349
514
429
781
291
901
561
72
879
12
281
284
83
500
634
605
660
530
258
193
279
950
774
943
493
302
1013
535
330
511
697
758
409
857
734
696
1004
339
836
612
606
836
273
462
936
66
444
35
139
951
285
4
165
701
986
890
402
177
698
645
426
967
895
621
980
199
564
903
784
509
974
865
887
266
458
583
983
87
742
499
975
74
500
0
29
310
709
313
34
398
227
242
752
923
434
184
1007
38
547
824
0
291
624
127
416
885
667
456
358
259
576
803
568
986
79
179
650
557
100
29
549
479
710
303
736
382
5
679
524
563
264
70
162
872
274
304
470
30
823
0
26
35
439
384
179
803
969
117
668
351
133
585
941
149
885
637
721
409
286
742
307
48
665
359
925
502
292
37
515
279
122
438
975
944
465
494
56
1016
458
195
97
750
824
128
825
0
168
706
551
996
321
839
261
762
913
733
431
859
969
211
360
297
1011
783
715
994
885
587
581
874
207
238
759
312
159
18
750
322
110
913
804
914
763
655
127
932
453
685
199
79
382
755
494
802
601
126
183
305
608
149
795
295
488
4
92
627
944
940
872
839
583
943
283
914
250
781
176
24
191
918
730
466
240
192
481
689
31
212
944
0
259
808
551
559
526
285
430
567
387
849
930
534
95
230
701
0
355
0
496
215
931
811
148
968
58
774
75
753
773
4
227
401
98
192
515
246
173
0
761
111
491
558
471
450
263
929
826
962
833
367
139
250
565
165
849
926
443
634
0
377
201
959
820
391
714
91
806
573
0
782
674
254
884
226
30
394
635
736
915
517
148
793
269
857
924
190
671
547
641
460
329
45
777
473
741
354
666
92
286
818
435
594
943
547
758
795
778
648
529
474
988
730
410
641
524
588
918
60
931
726
549
59
772
131
699
0
875
756
879
802
109
438
114
477
399
767
570
165
820
291
814
375
104
150
629
215
593
398
362
793
295
3
616
308
157
318
463
892
271
187
35
454
476
606
565
704
1021
448
841
1
0
840
907
509
44
571
216
248
32
801
106
564
534
645
0
773
813
81
569
0
750
534
670
638
39
15
144
523
527
25
4
243
464
344
292
512
1017
92
914
863
70
0
241
1001
0
557
729
329
526
360
272
995
324
224
15
605
870
474
348
103
25
753
865
590
252
480
156
194
250
111
828
14
646
876
494
453
928
875
253
899
820
270
464
504
335
774
80
924
454
237
166
353
823
90
824
950
856
625
89
828
852
679
63
838
109
154
284
899
329
289
1005
780
205
661
452
648
4
1018
263
229
1005
55
343
12
261
807
692
608
4
821
297
947
874
499
200
678
648
934
949
58
667
226
38
98
606
892
727
10
54
732
373
68
917
784
918
107
586
418
107
0
244
425
405
318
835
875
6
806
376
435
798
153
8
66
930
819
483
195
1006
464
447
61
830
559
79
711
270
963
614
800
968
398
633
117
533
201
316
660
917
616
56
971
375
745
578
822
85
211
647
730
557
882
38
816
459
660
58
726
607
540
441
762
918
458
178
606
187
519
1008
843
683
746
677
653
875
386
0
746
967
77
300
289
221
717
379
229
0
531
167
298
763
245
690
247
677
18
86
840
914
802
967
936
211
608
120
731
426
670
935
291
882
952
179
660
137
714
554
699
904
420
324
470
549
110
606
885
466
593
226
79
288
562
0
49
30
331
111
735
50
703
400
291
247
0
663
547
990
414
473
427
185
879
40
512
539
846
519
404
946
826
129
590
384
982
490
366
595
23
831
172
871
262
149
781
879
41
792
408
370
252
469
100
0
151
919
857
585
171
45
496
347
862
308
716
798
9
348
128
80
510
259
334
226
49
923
470
718
882
313
177
716
979
42
1010
466
587
110
695
853
297
896
153
867
876
756
763
403
0
484
721
45
87
117
217
336
955
149
29
990
951
389
208
104
852
867
33
794
622
969
133
85
840
175
589
713
715
88
398
957
729
473
364
589
965
75
107
778
236
717
714
394
799
654
814
212
742
81
405
7
367
481
530
106
434
832
999
756
360
959
987
632
707
733
678
715
102
133
456
812
566
849
659
319
110
560
211
613
667
380
770
531
109
16
856
915
502
793
581
731
619
873
610
189
978
471
0
356
821
657
777
357
437
220
363
342
915
405
0
282
800
626
723
0
788
639
346
89
921
150
186
559
472
305
267
735
25
147
202
525
524
756
350
323
615
748
786
959
621
257
350
563
170
260
386
308
697
741
292
711
982
992
910
657
0
190
127
360
465
324
143
169
440
177
687
614
798
941
276
896
304
20
211
961
145
98
1021
692
493
72
235
93
985
841
200
149
940
2
937
165
918
961
663
897
528
574
554
699
709
415
544
320
554
212
558
436
66
649
81
538
33
334
155
0
676
44
944
414
955
53
649
519
63
946
361
280
516
170
262
272
486
931
798
768
788
671
420
215
216
325
476
649
189
638
137
813
862
792
707
714
664
843
884
165
665
364
137
1017
1006
316
1021
793
304
774
986
824
794
288
785
643
142
1002
387
221
916
685
190
901
522
29
817
959
1005
154
876
765
166
841
441
247
762
919
877
263
228
27
516
311
257
860
242
389
596
63
473
799
674
506
385
243
530
648
955
709
1010
926
887
32
913
740
572
224
639
630
719
844
809
773
762
194
678
945
882
511
48
676
220
509
950
645
766
452
909
643
515
1021
600
400
195
349
274
802
916
867
122
774
285
530
695
591
419
303
378
799
766
846
836
240
592
868
26
991
967
925
371
974
406
510
231
750
687
378
593
187
46
751
0
685
7
947
890
756
667
464
587
549
555
922
122
376
904
707
701
337
483
677
0
175
304
287
366
477
582
212
190
0
106
842
389
690
894
22
613
306
221
122
890
46
696
401
148
462
800
153
773
597
444
400
525
1000
853
78
321
198
294
301
508
455
656
933
349
20
589
380
197
230
59
853
741
665
140
729
457
240
579
382
65
791
733
538
787
583
1017
751
252
673
938
817
0
839
953
205
358
510
711
528
173
431
211
0
297
664
674
380
452
244
0
581
972
774
76
278
257
0
782
413
989
801
520
609
176
561
14
926
525
139
519
717
609
206
91
865
1012
539
314
52
346
0
1000
1013
199
100
63
515
492
781
799
725
120
634
932
364
738
366
541
368
95
310
1014
261
611
411
0
892
510
12
0
514
9
495
1014
987
289
154
961
934
135
661
0
174
303
218
486
595
729
380
447
0
589
865
474
591
515
