180
415
68
749
549
741
215
240
477
321
983
857
413
392
82
0
205
42
171
954
886
765
526
179
995
993
610
327
715
279
365
139
574
52
270
302
476
671
202
87
54
17
976
663
524
1017
839
735
726
394
904
94
627
574
29
858
942
400
0
687
238
244
980
801
319
383
305
906
129
423
130
277
300
383
216
986
540
749
750
847
777
777
461
726
320
411
933
795
494
214
153
165
791
165
310
311
534
245
393
442
254
594
260
832
230
47
314
312
1000
426
481
792
527
279
25
324
562
560
608
65
468
128
353
395
944
267
393
313
125
922
315
941
404
899
929
487
148
712
619
177
69
350
16
180
300
682
264
416
588
0
304
74
276
489
19
572
1006
498
369
224
209
441
983
927
676
931
1021
491
980
267
734
0
159
828
617
22
492
386
136
948
295
909
789
593
407
920
900
634
840
343
847
983
374
564
158
92
514
737
67
518
416
903
636
1008
379
832
934
981
561
799
510
445
428
778
638
815
164
844
0
172
0
831
209
205
671
329
72
504
579
121
847
360
842
723
341
966
57
602
257
126
135
579
815
14
996
334
614
474
428
596
368
272
735
985
556
415
649
623
787
728
502
75
706
997
175
856
12
185
689
1002
927
1019
955
447
425
531
0
466
422
690
217
705
782
893
1007
162
614
143
597
897
858
408
769
753
238
202
367
1014
495
378
402
333
957
628
158
941
155
334
0
737
72
340
699
930
417
974
192
404
60
995
968
893
758
565
245
463
85
670
532
857
599
539
936
969
83
778
505
399
752
740
783
98
821
389
655
781
1023
826
5
88
835
466
314
756
638
1006
256
560
603
648
693
128
663
548
278
993
1011
774
1017
739
460
329
722
512
860
170
960
104
446
526
986
191
714
205
902
669
0
870
567
310
876
931
942
324
345
5
882
903
0
1011
569
83
415
112
624
383
574
117
244
365
528
614
673
975
836
479
2
110
635
290
725
921
808
650
0
689
995
167
663
474
373
0
956
390
947
264
189
775
158
140
178
334
363
144
499
431
533
720
303
30
809
998
126
978
285
573
533
733
938
881
596
875
139
497
515
875
544
633
884
501
445
0
582
711
599
948
99
224
146
954
350
323
958
944
137
691
417
41
334
839
819
279
1021
44
861
273
502
0
851
868
0
805
232
984
738
136
1021
13
465
280
877
851
22
442
598
809
474
767
0
620
0
243
777
702
141
746
553
934
828
459
918
416
124
918
528
761
379
135
717
314
0
50
487
194
435
709
599
611
703
902
670
862
857
143
638
1014
554
688
674
965
582
989
747
854
211
219
955
462
0
430
804
561
859
586
86
358
756
8
577
815
510
679
876
921
84
210
187
646
0
543
563
715
786
376
273
454
657
164
216
67
958
984
12
677
555
14
363
309
373
0
204
495
934
310
610
692
831
152
212
599
420
911
813
42
389
61
168
51
949
621
213
164
395
900
810
637
488
917
365
343
244
892
821
744
835
972
787
51
659
193
135
635
205
1012
628
700
303
804
762
459
949
911
422
81
22
907
977
264
95
97
75
869
806
775
456
234
545
867
701
856
881
322
731
922
464
804
0
782
579
546
553
843
299
284
25
615
65
544
916
374
616
98
1007
874
410
91
1018
516
716
16
122
449
574
464
339
713
615
939
267
931
209
199
558
506
225
987
361
546
819
235
791
377
807
32
137
817
549
218
322
560
792
19
885
161
302
667
55
457
604
513
864
967
158
868
200
708
674
585
472
196
810
392
613
371
967
945
419
310
226
995
839
579
453
325
516
376
275
0
382
307
1
418
329
950
797
328
56
787
699
819
52
215
443
589
155
280
718
163
193
983
260
499
652
381
290
767
289
902
0
183
748
813
796
151
0
238
422
69
192
540
451
902
711
408
800
460
35
588
781
864
789
531
716
525
485
928
363
869
505
918
247
828
188
941
407
35
257
906
432
0
801
849
418
429
485
779
384
549
25
255
383
382
676
989
914
293
942
412
226
335
490
0
158
1011
797
118
588
739
469
824
391
138
486
266
441
435
927
145
576
917
43
400
477
682
697
873
0
656
342
586
431
377
433
699
374
352
582
550
197
832
47
710
926
338
616
110
465
505
776
711
695
222
799
837
624
660
0
865
144
580
756
839
71
213
58
917
691
761
192
398
272
326
86
176
828
461
557
1006
11
54
932
937
392
862
439
241
453
327
478
391
757
17
727
108
769
625
94
805
767
663
392
527
266
728
379
898
817
335
500
620
769
393
659
65
465
515
562
193
286
954
394
158
519
467
541
542
50
72
983
16
342
621
299
935
103
986
291
175
493
885
544
829
256
35
884
158
293
901
733
802
279
333
997
398
907
338
808
796
17
325
912
7
524
618
308
807
542
0
364
251
824
93
704
1003
158
536
703
596
350
174
243
41
548
906
949
570
532
585
89
497
544
578
224
548
356
652
222
476
847
244
705
784
862
551
80
241
180
582
224
946
908
542
118
0
325
506
474
434
519
75
731
1007
537
648
951
230
357
820
466
0
925
224
184
654
422
564
590
1023
810
782
499
0
321
1005
71
548
171
1016
940
689
891
744
534
149
717
966
580
111
136
901
810
287
414
373
686
982
409
515
826
506
347
459
235
717
175
499
186
306
710
689
929
713
24
292
692
296
144
193
463
393
250
640
0
943
280
971
341
552
30
555
395
576
749
563
463
74
59
251
934
320
532
222
439
835
110
690
822
904
717
549
116
24
560
61
286
466
23
713
844
358
0
340
334
159
651
593
355
998
888
333
793
991
607
597
245
763
942
0
387
379
972
335
388
89
592
624
840
706
361
898
223
15
808
570
336
28
217
945
755
642
239
229
465
700
511
542
943
586
912
8
920
122
258
676
445
837
18
958
751
193
697
175
352
17
106
188
404
729
201
842
437
122
933
949
335
734
619
332
187
375
12
183
897
332
485
1019
400
135
882
762
577
854
644
671
574
864
121
601
619
867
735
83
972
605
595
0
909
488
997
280
36
236
465
1011
66
668
336
288
618
851
998
308
389
95
415
913
491
10
222
290
378
452
41
715
547
56
633
723
590
980
0
0
51
919
98
601
243
149
187
765
1003
695
305
600
360
331
333
838
999
757
550
67
983
709
136
0
665
485
297
820
894
516
287
934
76
490
968
330
35
1001
695
628
225
753
849
527
35
326
833
42
791
793
811
852
126
50
84
497
894
74
696
43
526
724
899
705
13
591
2
863
911
752
957
176
819
19
68
218
242
756
75
579
25
590
992
343
311
484
380
506
211
554
513
949
98
792
109
157
63
317
445
915
33
965
459
76
824
23
803
601
610
616
379
206
168
618
902
965
478
700
139
1021
218
890
43
474
409
505
713
875
291
457
183
879
816
434
329
233
776
70
904
259
114
288
565
631
791
837
801
459
1012
281
714
441
1023
685
395
657
114
579
382
267
171
772
1
770
469
304
386
337
881
525
235
826
556
128
735
396
745
606
281
867
758
1003
373
997
330
903
436
355
713
734
194
463
751
20
795
299
687
101
947
678
174
65
591
307
613
536
603
844
219
586
775
635
1012
38
81
595
169
551
783
439
837
557
271
431
0
534
175
404
207
335
900
527
434
218
836
609
51
908
544
699
334
792
1009
600
153
1001
717
0
549
189
75
19
667
1002
466
680
866
776
335
969
414
366
611
271
374
773
796
93
865
77
908
574
383
832
1015
325
325
461
101
802
431
531
325
413
828
971
415
950
805
166
24
964
524
812
530
170
632
773
690
853
571
469
398
12
769
149
689
376
448
732
823
1022
311
118
878
567
70
799
238
737
306
213
561
349
703
328
58
785
322
783
0
329
790
671
217
1001
956
143
821
813
950
513
851
952
572
44
207
655
657
423
142
622
123
183
208
136
206
118
374
668
746
0
610
978
424
469
918
0
486
408
105
847
277
809
270
703
861
0
244
985
450
360
813
199
329
963
47
360
369
714
508
372
441
353
107
401
155
383
349
58
303
744
223
0
170
687
157
990
277
43
503
299
190
469
799
653
238
510
905
342
841
196
467
31
203
853
607
979
759
817
703
856
271
832
673
308
518
72
393
255
767
587
816
285
287
138
156
579
921
841
825
887
274
987
264
931
889
988
732
359
61
186
818
46
964
472
976
334
611
594
410
330
742
955
377
588
871
970
1014
395
421
663
190
472
810
740
618
1004
842
129
244
794
283
657
388
591
105
47
215
846
327
598
839
659
79
233
218
13
717
203
698
100
238
839
275
79
544
512
950
402
478
93
348
995
303
414
152
611
234
288
195
288
134
81
214
510
993
540
674
384
409
108
902
930
816
1020
514
180
281
365
991
691
463
538
157
15
438
452
376
629
351
497
940
265
362
456
208
119
765
202
614
630
703
273
664
693
339
362
569
400
644
699
281
180
471
137
236
867
346
566
410
718
392
926
38
373
296
150
403
218
307
399
192
123
17
100
1015
720
706
383
56
635
0
675
601
404
548
770
927
738
160
740
959
127
908
515
217
894
151
780
698
892
808
736
937
176
772
337
156
922
773
502
969
480
783
19
855
389
649
344
247
0
956
874
5
243
18
448
879
613
348
704
196
155
260
626
181
64
1004
0
808
259
955
537
330
113
455
31
337
347
628
488
621
203
602
561
48
750
486
378
301
0
467
199
811
105
119
238
545
59
207
823
381
319
687
571
527
78
334
472
173
903
1018
95
766
851
778
840
270
131
272
318
859
98
377
306
635
709
979
444
565
724
391
44
227
500
629
165
392
822
916
689
153
141
712
5
836
1011
970
80
406
518
156
109
555
275
296
246
46
450
434
783
474
692
7
833
875
336
290
716
690
897
898
964
238
254
183
788
69
826
608
529
984
89
563
108
125
881
244
938
163
239
683
777
842
581
761
380
315
87
639
239
785
90
323
971
867
801
114
307
611
454
386
569
466
469
719
702
108
994
161
756
144
751
788
0
261
181
603
697
8
473
169
274
986
933
74
550
303
669
901
439
540
236
765
323
0
645
7
769
269
141
963
872
233
624
424
87
857
399
737
610
384
832
830
871
79
94
60
744
302
70
16
94
290
40
403
918
148
81
400
499
489
642
450
784
646
613
902
440
894
519
608
552
271
924
716
935
162
901
940
335
673
277
497
502
115
476
442
217
804
402
521
653
235
628
831
982
155
709
549
645
355
467
678
149
977
796
530
637
537
913
963
363
404
828
926
640
334
258
912
217
334
929
47
371
871
508
241
0
76
792
141
1006
909
476
371
200
454
759
372
757
618
0
287
749
485
262
51
526
619
733
842
42
605
0
175
823
688
562
990
329
385
269
218
443
471
750
814
1012
735
575
792
545
223
360
637
819
240
887
738
71
772
235
291
1014
596
835
591
856
977
176
300
962
701
526
200
255
821
938
945
90
273
663
695
253
677
852
52
423
647
238
848
918
901
144
577
701
513
498
757
705
634
693
335
1002
733
936
610
12
833
308
234
770
581
203
869
493
395
489
547
716
30
962
842
1015
690
395
534
400
484
212
552
785
279
785
226
23
80
106
770
769
731
718
463
660
152
458
84
131
752
905
848
87
617
639
271
225
639
562
397
424
144
811
608
779
534
782
384
619
1011
201
210
60
989
923
979
801
791
984
457
0
176
663
620
207
929
63
663
190
1010
561
83
44
946
301
496
204
109
358
444
243
152
335
526
785
869
783
349
360
788
34
752
332
853
831
474
501
909
0
275
581
710
0
584
64
600
549
341
52
459
926
114
514
782
87
60
664
367
105
733
838
277
854
521
776
624
754
186
65
778
602
130
739
251
773
985
995
772
422
980
571
199
779
26
186
812
409
634
297
247
84
430
201
320
95
947
283
24
0
708
881
609
225
835
129
348
36
176
242
868
705
65
244
183
323
111
626
695
568
159
183
864
1011
447
375
416
87
760
615
497
861
126
434
531
595
291
400
835
532
231
789
198
149
532
0
32
350
334
768
9
434
896
911
714
71
396
301
284
245
281
883
803
512
179
533
228
395
267
609
108
581
73
436
202
386
435
459
623
391
703
959
20
950
710
283
845
691
554
591
7
406
412
818
119
614
484
469
128
70
347
529
349
747
60
58
175
0
233
666
710
82
464
974
651
213
728
94
609
699
287
671
363
865
120
933
34
377
369
361
335
982
149
208
603
54
227
769
547
971
321
413
764
1017
132
582
408
777
135
230
60
157
946
31
529
340
225
205
445
196
133
391
206
506
768
384
281
925
331
770
640
847
246
406
109
160
970
142
966
857
248
358
750
815
241
847
735
27
641
130
497
944
1002
981
21
638
858
886
457
585
1000
247
6
725
229
469
633
717
0
350
350
682
467
329
420
551
55
633
335
0
361
662
655
989
38
690
919
908
867
495
353
824
308
493
643
812
927
866
789
544
150
476
427
484
516
877
924
731
509
90
399
63
366
12
684
934
134
769
45
393
381
649
282
376
174
154
853
283
475
121
338
97
124
225
378
31
42
43
951
388
48
256
302
925
955
966
561
133
646
245
528
490
681
951
36
539
305
874
512
717
465
629
785
681
939
763
179
990
487
62
22
894
993
969
142
395
809
1014
743
874
667
648
543
846
30
842
807
139
148
157
613
970
104
16
927
923
333
969
217
122
70
109
784
235
202
435
833
586
561
594
400
410
306
324
555
377
225
992
677
370
104
386
203
927
669
868
124
984
107
997
950
668
630
277
30
50
780
161
844
762
298
935
755
899
333
391
146
364
9
757
439
325
303
133
256
79
639
368
504
660
835
230
545
679
356
729
781
429
549
518
134
1010
773
869
243
624
61
242
77
529
546
111
125
684
810
505
565
109
188
383
370
648
956
756
197
312
332
357
658
58
391
768
266
425
647
443
982
57
635
433
812
246
948
526
812
262
920
416
446
458
595
71
799
126
842
415
136
185
513
430
799
382
744
901
414
368
984
875
579
711
575
272
483
552
307
724
74
75
653
346
835
165
559
1
110
255
433
609
654
883
598
0
418
886
1002
496
463
769
878
425
604
314
722
560
59
981
867
546
400
207
358
584
707
620
751
540
730
343
997
353
301
629
228
0
0
851
341
168
138
956
336
477
947
281
325
320
110
915
815
453
591
262
561
14
136
549
302
38
566
546
554
366
624
145
194
859
567
390
613
441
879
332
723
689
5
870
79
235
530
635
941
317
882
0
258
289
873
104
410
452
81
686
588
147
164
360
3
707
195
625
154
391
507
311
506
1007
478
287
247
584
588
716
384
402
551
85
632
126
540
124
851
266
345
916
761
0
455
472
602
598
25
919
157
558
545
748
230
228
727
204
660
730
222
0
985
844
209
169
473
858
243
23
834
1004
429
258
85
260
718
840
35
353
349
418
120
293
641
862
408
83
415
60
860
660
670
379
29
427
553
166
200
966
570
885
710
77
952
589
591
947
534
481
437
422
405
290
180
516
239
350
283
955
516
633
103
801
598
82
112
800
58
497
853
490
91
837
981
999
273
301
70
165
742
582
529
104
458
284
501
649
432
535
958
670
32
423
371
193
73
1016
448
997
464
112
369
556
230
290
546
442
158
523
872
160
292
494
436
696
712
713
436
27
431
699
275
393
275
72
833
655
799
145
844
261
698
520
817
680
63
688
1017
143
279
676
529
204
75
234
281
118
655
178
155
237
424
482
686
23
942
283
359
883
165
362
352
650
0
912
723
412
274
588
521
82
442
938
300
681
811
1020
44
788
645
186
253
715
964
726
601
218
179
41
115
916
183
404
783
411
592
871
88
301
784
231
807
620
172
956
477
49
53
513
270
938
610
566
878
806
658
594
580
634
219
997
537
311
206
697
302
594
579
234
713
603
458
843
115
8
747
58
288
846
887
366
606
1004
104
257
331
701
170
0
887
410
395
211
1002
698
911
884
658
650
96
995
458
523
343
459
489
1019
557
708
165
341
872
815
215
516
215
238
985
695
829
348
381
664
967
1014
993
238
479
345
498
1011
233
883
389
501
15
252
273
967
325
515
1012
408
722
929
266
862
586
283
944
467
964
974
2
408
385
94
488
549
912
258
395
5
464
634
89
763
180
344
995
54
99
498
864
865
477
320
484
273
285
0
71
0
318
647
848
581
3
268
803
267
362
131
269
169
674
171
23
923
72
0
651
770
896
125
862
326
593
760
684
190
693
225
145
873
535
311
587
0
258
84
365
869
669
269
693
378
293
858
354
352
515
182
29
149
247
58
115
30
411
315
209
110
8
684
612
845
275
209
298
1005
368
277
336
225
556
448
726
918
757
614
208
748
765
530
263
250
411
983
438
64
44
14
715
912
325
1013
255
588
695
973
428
676
683
69
414
820
799
327
53
809
5
815
459
421
137
636
125
895
113
237
556
948
398
127
778
547
255
875
0
342
812
701
428
443
133
569
397
817
697
979
602
403
534
345
911
949
219
154
451
654
603
597
928
749
674
13
667
643
686
975
679
922
13
700
802
987
408
633
295
899
866
867
43
974
611
625
550
975
286
250
0
770
286
424
858
530
641
985
800
460
985
774
742
301
129
999
893
579
742
325
539
753
544
574
823
797
493
62
432
466
430
792
345
515
343
769
952
236
31
14
654
761
184
834
808
726
382
135
567
856
861
589
225
479
563
949
392
255
984
277
220
460
738
373
271
935
115
500
763
730
434
364
260
258
145
119
425
360
581
208
1016
53
105
213
195
627
993
499
618
679
70
874
385
994
779
381
956
550
711
198
235
379
617
17
0
231
865
861
695
228
11
226
397
842
636
276
324
341
781
97
275
646
854
275
930
16
706
29
307
799
643
706
630
152
864
190
0
361
599
425
836
166
540
609
832
233
631
208
343
356
0
640
0
196
924
329
823
204
773
335
707
615
1020
758
822
313
936
130
0
420
52
540
325
706
188
291
264
704
313
66
249
146
993
903
57
749
0
310
889
387
175
115
351
389
412
1019
279
400
968
691
645
925
531
204
304
739
377
755
413
1014
693
709
870
126
644
654
657
999
312
675
559
856
40
581
705
333
130
343
0
301
668
912
361
706
619
277
456
599
776
149
396
634
986
306
658
104
84
179
135
96
456
712
0
963
677
379
578
801
453
17
441
547
691
495
341
221
874
170
228
486
446
849
139
813
966
448
1019
1021
0
755
685
512
840
359
33
42
221
276
686
784
151
307
847
45
431
445
813
214
87
266
135
876
64
187
815
274
33
294
996
325
445
390
683
25
351
940
259
539
376
967
883
41
930
496
663
91
442
128
48
399
814
584
919
523
850
0
393
535
334
587
129
943
533
596
1016
670
314
868
772
633
803
300
413
818
301
583
990
588
604
82
746
412
198
926
700
48
244
582
151
260
728
650
903
732
918
597
722
319
284
609
45
377
621
124
90
970
0
604
89
21
412
52
686
919
560
446
259
327
338
360
943
195
684
219
901
20
614
746
737
545
966
407
81
806
976
908
288
376
242
927
343
540
66
523
286
871
532
367
928
651
980
396
145
461
983
649
965
349
560
987
5
428
131
510
540
893
943
410
21
967
993
138
801
794
485
735
321
508
613
982
281
990
403
261
983
671
269
259
483
3
193
343
307
495
160
172
568
0
697
77
274
965
0
940
153
349
159
728
664
850
660
330
687
284
119
463
793
248
507
628
393
107
536
44
445
574
274
326
336
935
205
876
102
457
164
81
911
649
924
362
933
429
744
765
1018
345
27
404
634
928
518
826
828
169
64
967
339
425
780
245
554
1021
472
474
25
486
320
199
196
635
823
324
662
49
511
246
967
672
708
476
602
677
999
611
954
919
524
20
290
48
561
67
46
290
710
1022
128
985
173
43
483
631
620
126
26
126
148
0
469
45
300
148
272
899
325
271
891
205
501
185
909
373
617
89
559
352
654
289
143
543
496
189
356
628
434
419
420
515
360
10
357
424
747
36
775
48
