345
71
289
34
556
610
24
736
488
815
679
68
268
585
554
18
165
929
137
95
630
1013
440
94
832
991
219
382
46
409
182
469
49
921
935
858
806
464
162
25
300
335
716
758
781
486
610
359
347
985
952
125
756
947
947
0
840
554
324
547
726
360
627
150
782
764
135
954
243
365
16
478
429
32
132
447
257
104
392
132
562
0
136
833
695
535
36
983
463
566
535
432
338
528
509
380
994
891
540
943
586
85
169
935
939
81
31
8
670
815
903
436
482
225
490
364
252
332
744
109
552
724
801
903
429
341
815
326
501
175
268
649
876
586
552
938
1017
595
500
974
353
898
14
442
322
426
66
579
678
998
950
976
596
990
0
713
234
509
479
135
827
201
593
641
722
287
3
575
857
695
510
60
391
569
682
0
507
191
350
397
810
163
681
324
522
317
0
165
347
167
542
863
776
62
874
539
960
250
647
682
727
821
278
916
1011
838
526
829
858
41
733
249
301
941
501
764
534
670
382
751
356
291
938
212
817
977
804
543
760
379
538
671
824
679
730
96
889
410
958
242
270
470
84
975
643
398
996
634
606
503
995
708
398
900
506
914
765
106
783
975
890
573
926
999
59
554
102
782
496
176
395
670
659
857
820
919
267
384
225
838
434
425
516
103
793
272
593
424
867
862
988
966
274
729
297
672
671
929
545
944
696
868
725
318
620
155
13
139
940
875
449
0
313
178
203
616
132
623
297
996
228
413
299
184
984
231
829
727
337
533
375
676
291
605
571
161
180
141
517
728
82
0
444
205
244
301
720
399
525
829
25
897
857
407
772
198
275
975
196
183
944
214
559
849
0
5
227
195
661
869
185
680
526
19
796
110
125
566
989
670
160
717
688
629
379
993
60
348
211
0
226
135
576
385
220
353
432
810
932
997
600
843
659
55
833
281
284
359
207
481
487
1016
826
514
0
350
207
55
642
566
135
714
648
679
352
540
95
1011
1015
105
372
493
145
663
667
498
256
542
450
277
309
889
117
63
574
776
937
418
180
69
168
826
375
418
848
225
639
396
1008
13
886
483
491
49
1021
812
395
767
868
59
405
509
903
561
218
680
68
18
256
584
34
384
545
304
606
359
95
1003
578
290
642
562
334
514
881
623
454
12
994
7
873
411
956
784
724
376
707
781
369
93
648
208
541
826
388
730
919
59
225
621
904
721
695
7
607
23
385
26
807
204
695
986
53
61
560
57
507
917
314
453
278
758
916
760
359
864
787
391
966
987
669
862
471
610
313
962
273
360
408
157
633
38
66
381
4
402
924
368
979
185
586
790
764
938
1009
987
430
410
454
853
113
17
35
770
895
123
362
382
552
270
765
543
617
818
485
44
507
62
214
827
243
95
563
881
0
548
571
852
328
38
872
961
890
600
695
850
263
452
473
1008
181
405
82
846
308
8
683
0
432
10
524
149
1000
573
860
66
593
726
283
1007
62
637
697
172
828
746
522
959
72
727
297
840
153
98
168
407
966
984
820
262
416
504
0
559
932
530
522
821
543
936
416
270
472
940
920
774
120
140
248
200
832
459
464
438
548
479
266
534
14
949
297
250
800
911
868
1019
960
894
786
108
358
1016
255
685
693
566
605
517
208
983
792
18
899
972
959
387
95
715
262
977
915
91
976
1001
635
415
508
965
226
711
923
850
850
494
54
166
122
408
894
747
726
403
269
38
243
959
386
38
530
970
373
894
584
243
444
474
245
233
947
113
170
962
705
441
763
707
547
212
1018
9
469
473
486
430
757
151
565
496
887
438
929
303
666
116
314
807
744
637
459
596
160
64
437
609
290
894
533
1001
827
480
844
258
135
55
692
341
646
164
0
260
159
874
435
129
302
75
132
483
900
435
570
985
329
484
883
856
924
295
205
251
705
1000
505
206
480
185
975
43
519
650
215
588
126
545
495
56
0
685
906
256
831
0
1012
0
63
138
845
734
540
194
55
679
820
533
660
455
400
159
255
604
115
703
35
1002
289
822
888
31
457
919
201
915
988
499
272
633
494
951
626
647
584
442
475
396
694
411
134
143
26
13
282
56
368
71
374
375
637
941
244
679
202
723
45
389
150
890
578
960
714
655
0
460
0
756
150
727
734
730
250
547
878
842
554
739
328
517
538
523
16
440
870
238
843
369
231
311
827
675
499
589
156
22
753
343
506
862
345
893
116
364
454
1011
793
417
858
821
267
489
847
20
205
798
513
1021
159
893
191
135
311
728
61
179
473
498
523
397
193
48
1003
860
547
483
640
294
445
50
622
738
235
25
486
199
328
74
601
540
912
373
92
623
646
847
349
725
745
106
830
709
179
662
210
458
143
174
8
786
793
533
802
85
418
414
0
255
654
249
168
135
398
84
928
112
175
6
216
952
694
213
352
422
86
324
221
632
323
372
297
76
137
84
859
440
325
218
264
708
890
184
0
899
138
219
304
962
0
460
98
321
72
1012
817
279
90
505
332
837
427
40
810
298
905
606
142
308
1023
835
653
437
16
97
481
951
164
468
961
524
575
751
111
480
784
510
67
902
1008
26
52
391
220
655
48
140
551
184
249
967
414
923
20
406
324
149
17
0
844
663
621
672
607
624
199
188
153
759
641
423
17
474
587
319
259
984
462
1
173
479
534
8
880
129
187
709
369
265
381
143
580
759
1019
784
65
594
710
878
684
855
861
258
881
784
357
220
745
513
783
918
577
681
757
1
605
607
950
162
804
13
185
570
705
207
563
316
135
106
580
212
188
289
333
226
115
384
451
877
824
92
193
708
780
709
689
713
679
746
366
440
647
440
570
870
868
552
966
716
204
241
658
628
196
672
311
831
988
397
340
965
990
0
672
963
157
724
368
830
340
899
821
618
542
578
0
934
210
457
470
886
787
141
179
420
686
601
493
110
0
781
221
514
244
968
524
405
498
1007
0
778
38
651
77
337
761
243
624
0
0
404
863
407
335
926
927
646
774
241
493
399
580
558
558
722
332
152
499
839
1011
900
986
296
830
909
377
136
302
27
186
1019
513
776
363
298
334
918
439
25
100
799
396
26
366
499
825
457
688
160
831
781
252
303
301
294
993
478
133
433
577
540
824
258
949
789
664
878
217
137
183
414
725
905
1005
531
823
75
669
401
219
388
1015
216
369
73
30
558
888
713
845
706
260
876
285
280
722
392
545
226
152
147
718
663
267
703
263
794
838
441
864
89
644
33
125
361
534
78
349
742
850
338
15
453
316
37
836
55
965
0
1022
259
458
629
86
931
371
327
643
78
394
671
51
349
142
857
106
407
804
272
80
171
959
555
654
708
413
462
967
413
876
294
283
200
238
488
333
724
1015
88
0
107
290
919
731
1011
411
1015
743
487
302
127
33
952
907
13
714
903
63
955
817
810
496
184
217
334
199
441
127
23
634
69
1020
263
267
116
624
442
802
956
846
899
83
117
181
929
484
879
484
343
268
123
621
799
738
63
46
848
554
366
442
726
442
796
153
335
750
413
755
926
571
331
479
910
649
965
869
782
140
15
395
307
813
0
528
977
325
190
1012
330
430
953
694
328
393
672
823
918
154
702
58
470
309
298
724
957
1004
209
694
790
543
813
669
829
1020
608
974
987
437
313
175
0
0
981
876
741
625
726
206
281
956
325
687
798
694
279
83
681
428
855
844
434
404
161
458
691
735
355
904
674
9
1010
984
678
375
569
25
81
962
432
442
377
0
985
199
444
403
25
878
362
145
795
211
601
720
882
345
670
330
333
1007
600
595
397
494
239
69
799
940
402
724
794
294
308
667
928
1017
349
438
275
409
150
279
817
530
352
120
347
1019
569
260
156
723
504
316
716
921
231
341
931
495
513
1002
745
732
832
806
305
16
236
693
753
491
655
310
52
14
179
298
121
623
194
756
988
694
579
449
928
756
996
923
354
296
571
671
401
615
172
87
174
740
739
355
535
761
850
319
0
474
900
231
1017
961
908
668
523
980
226
886
521
741
180
309
309
664
810
306
354
704
93
396
77
793
91
957
1001
238
628
951
744
779
399
0
6
573
965
335
714
9
785
808
937
289
409
110
532
763
413
699
40
54
862
862
23
473
782
910
526
939
412
408
351
559
479
559
12
36
552
415
646
778
638
583
704
828
425
960
492
769
574
85
303
935
70
164
1002
348
849
606
436
628
533
578
601
231
575
924
133
4
318
483
905
691
361
57
166
797
59
518
540
0
507
864
728
300
534
961
952
581
955
655
900
29
841
891
82
495
726
299
1009
959
815
574
284
154
949
471
838
760
666
751
503
365
413
488
879
936
655
309
521
136
2
780
856
421
93
785
100
104
531
1017
622
705
731
991
809
273
520
133
0
558
410
603
391
679
501
225
922
904
771
33
551
606
3
688
601
726
91
353
179
994
135
80
357
337
50
117
616
380
241
458
399
605
184
355
288
459
925
114
785
417
270
723
439
892
237
360
962
329
68
527
459
921
571
580
613
462
94
642
393
989
663
367
929
968
233
43
262
215
928
648
596
79
56
945
256
269
592
768
494
503
683
492
615
145
212
38
205
90
451
0
12
964
860
686
826
388
235
932
334
0
14
760
273
40
509
520
98
261
784
270
235
636
824
878
31
0
395
61
5
985
37
785
918
39
847
310
899
47
312
398
550
934
196
468
510
0
124
200
71
541
300
510
271
1008
87
473
918
783
358
949
754
295
762
377
607
639
867
1011
242
832
913
141
102
349
899
757
430
99
930
384
13
307
222
997
416
724
934
231
479
705
605
1015
864
565
1004
535
611
193
372
1013
864
56
680
399
153
462
38
351
969
1021
983
82
442
540
489
273
310
405
568
531
228
138
492
562
59
224
415
445
249
601
784
175
882
991
320
146
440
163
922
376
101
236
398
935
363
137
988
9
256
495
12
830
300
980
698
583
345
798
266
759
609
116
436
675
180
627
6
907
537
757
189
832
593
558
1023
94
425
449
375
130
232
714
62
399
747
277
98
924
409
365
982
765
102
315
586
221
851
465
912
630
534
532
860
945
35
1010
812
480
384
799
191
967
401
628
312
727
192
48
200
610
34
252
661
153
167
818
650
64
0
981
293
657
499
980
375
410
660
290
584
943
679
327
682
85
33
949
686
224
445
941
574
917
163
659
11
851
280
291
949
196
203
512
257
948
725
844
589
219
802
330
65
49
1019
910
465
564
642
649
309
450
483
124
368
599
500
430
313
998
881
420
965
450
650
727
861
952
804
828
811
509
607
969
907
634
363
466
682
858
59
716
870
986
445
406
0
143
84
244
142
533
689
743
708
769
453
37
60
135
467
455
163
21
447
636
239
785
761
185
271
540
958
75
140
172
220
568
865
491
514
885
226
524
614
456
590
998
9
687
728
727
263
769
628
0
950
856
60
323
37
244
652
264
804
186
579
701
265
428
473
1006
388
31
281
74
650
617
983
576
33
111
275
51
399
819
822
120
295
90
549
604
681
254
573
493
126
135
930
461
30
180
728
62
734
437
177
504
621
206
205
671
54
522
0
911
21
128
466
767
434
569
86
298
939
758
614
905
282
298
999
871
795
0
42
104
466
70
1006
648
751
386
204
494
818
131
481
258
797
631
828
311
295
491
879
885
296
768
837
611
1005
363
648
898
741
864
620
742
548
682
222
4
396
24
166
794
57
714
125
582
71
1001
379
618
729
716
246
515
623
170
402
434
910
838
604
274
490
392
407
499
607
254
174
520
122
67
114
744
427
874
409
985
567
687
536
160
384
291
155
216
769
505
279
242
886
321
454
809
850
124
782
407
447
1021
13
272
167
1008
125
7
20
1009
483
90
933
509
984
48
674
0
882
672
283
174
671
821
876
312
241
993
861
15
154
668
291
960
370
972
550
677
650
939
667
0
187
415
555
660
852
179
10
318
427
662
922
227
296
412
398
646
848
18
857
953
85
988
578
729
756
977
295
924
380
947
36
829
1000
110
593
200
800
418
674
614
919
827
593
594
862
0
803
676
0
3
784
322
415
539
439
749
728
497
242
356
462
888
876
998
285
667
356
101
395
466
126
83
295
758
442
444
842
174
570
995
566
409
27
682
293
395
716
950
431
422
278
0
794
165
42
891
602
650
259
614
347
877
754
631
540
257
516
544
503
943
86
969
49
406
668
465
0
861
950
0
981
125
688
632
599
276
817
814
589
769
477
365
942
74
54
761
356
3
912
506
697
379
243
166
72
425
273
954
197
751
589
648
538
511
359
775
351
627
267
372
165
788
251
335
235
784
196
382
971
815
747
106
750
248
515
646
971
16
96
295
663
43
223
247
927
657
74
40
281
131
359
715
923
425
430
397
0
462
285
729
382
174
723
263
621
41
431
856
197
894
207
262
189
995
482
693
1011
70
142
0
282
381
456
744
728
0
834
746
358
707
260
835
783
130
662
800
890
587
374
800
440
263
604
938
962
743
240
0
53
83
111
183
641
266
949
658
413
927
592
870
242
65
768
680
755
425
879
132
179
788
400
258
135
802
157
250
395
81
834
566
744
760
990
463
421
231
279
8
163
745
926
731
331
548
240
284
358
0
675
493
123
140
916
726
925
704
386
16
203
854
329
72
116
18
662
829
332
164
47
228
854
719
731
279
642
857
950
49
705
545
747
306
610
409
379
41
797
501
186
783
580
206
632
29
398
184
245
839
1010
1019
271
289
120
136
212
291
789
1001
851
212
275
276
399
98
333
475
684
706
284
125
181
658
598
795
435
477
949
333
155
195
19
181
26
992
924
12
341
104
314
755
0
1009
715
80
631
128
766
198
780
636
459
876
29
797
197
984
269
689
350
306
507
66
695
711
405
709
122
344
60
745
98
56
31
342
225
973
124
756
169
573
333
1013
55
237
713
109
905
554
948
116
217
321
492
300
548
349
146
0
544
949
345
511
502
589
690
946
618
127
295
185
844
216
969
962
391
683
87
726
274
894
238
643
65
98
0
374
935
608
670
736
261
667
615
559
155
844
216
979
14
937
0
1006
0
453
537
581
364
992
1014
669
462
948
152
197
976
624
19
26
527
675
559
833
863
253
386
845
232
832
760
444
916
1011
1003
298
158
741
311
310
554
43
857
247
28
600
665
198
585
200
8
865
218
795
843
430
100
631
433
190
28
455
283
527
531
10
127
524
814
812
659
84
0
169
24
1017
10
0
549
513
521
316
765
117
352
181
408
311
237
110
310
425
158
960
582
733
104
334
788
846
264
266
91
62
404
695
488
460
647
202
1009
556
74
9
13
339
277
167
937
403
472
133
140
419
390
195
783
254
490
512
962
0
971
900
251
277
950
747
460
482
747
32
1020
114
634
69
639
285
962
238
526
877
838
909
193
428
220
371
257
960
706
692
10
0
271
137
648
5
600
303
284
299
680
640
1002
452
298
329
241
423
520
517
7
981
100
527
464
591
159
877
807
99
192
710
197
741
108
131
1013
51
286
438
379
117
937
784
493
224
972
407
643
604
0
802
400
714
303
865
208
1008
408
368
45
941
623
987
774
1009
118
814
475
163
935
416
202
255
663
568
113
270
727
458
189
537
458
283
0
308
297
12
654
719
203
546
71
14
23
888
313
0
853
923
53
932
61
684
200
977
237
40
407
146
77
790
789
528
709
923
140
221
469
749
668
972
441
316
984
377
87
111
425
903
821
425
34
336
171
51
783
531
984
954
270
181
178
432
390
655
693
364
281
30
530
365
232
679
148
0
1006
757
125
485
979
461
959
200
343
125
771
674
29
751
264
870
838
269
437
924
106
344
659
444
53
623
999
51
181
958
274
935
842
661
851
18
630
541
457
988
236
828
883
316
631
639
37
905
39
100
103
112
429
482
267
642
281
27
995
744
120
989
87
312
903
688
62
974
858
916
515
448
389
918
905
744
20
729
124
882
606
1023
508
221
136
526
524
577
172
295
56
269
1015
852
838
267
732
32
858
734
645
473
387
934
435
546
118
388
34
315
272
3
740
935
711
707
65
35
934
16
145
588
833
361
397
522
439
658
908
0
934
333
248
178
447
648
1013
1007
813
739
931
271
556
964
611
498
384
80
441
55
49
59
592
1022
576
165
486
220
994
830
665
306
740
801
491
844
83
771
554
500
300
178
348
183
797
765
733
802
45
744
604
879
278
787
366
648
795
322
10
750
448
831
75
839
16
393
98
165
897
243
520
2
547
148
190
85
720
998
1015
138
266
719
969
241
889
784
630
635
2
183
620
262
392
108
504
230
598
451
890
614
768
12
846
179
868
526
12
312
456
604
453
741
452
1017
986
213
386
738
746
0
499
218
355
187
730
500
795
83
231
968
643
136
448
27
290
260
793
438
388
226
43
677
424
770
564
84
996
502
94
608
841
583
844
485
48
1002
575
794
431
74
51
0
130
269
477
140
597
531
56
540
294
170
430
834
140
975
121
864
489
994
519
384
959
608
513
778
190
695
745
594
869
199
921
518
334
591
269
809
686
237
410
304
831
407
486
244
244
88
340
633
705
244
29
851
171
0
970
288
949
366
211
728
495
456
297
520
369
458
753
365
167
559
1005
357
843
457
691
288
70
60
148
272
744
428
209
590
180
502
494
335
390
907
639
521
895
190
681
669
391
201
393
930
526
932
294
0
951
959
197
760
851
171
320
792
807
81
245
95
404
272
16
540
906
579
246
399
843
262
516
516
454
429
689
491
821
456
921
302
268
599
813
725
660
557
380
412
422
316
190
440
442
279
687
902
188
491
282
530
694
189
707
371
591
686
391
693
403
