376
53
664
399
236
30
645
31
4
901
380
853
195
578
495
286
1009
416
474
83
32
22
96
957
575
926
0
0
223
155
930
60
1023
1002
943
459
879
974
820
248
982
726
543
1005
199
302
942
0
265
399
515
958
857
741
770
452
332
579
141
614
884
519
54
758
416
313
230
390
455
541
843
14
261
534
816
226
0
875
172
158
673
160
143
846
109
293
255
782
842
831
495
503
951
702
407
997
13
919
721
761
311
123
69
445
17
81
601
705
966
989
590
868
275
209
86
102
1008
600
425
181
665
649
687
908
788
789
75
938
181
0
21
328
143
0
679
0
481
585
584
397
622
458
624
663
993
729
880
244
666
178
719
646
1018
366
466
823
237
457
764
669
535
703
496
312
54
289
682
161
866
0
1000
939
348
675
122
598
15
412
921
7
951
926
16
116
974
871
278
318
722
265
486
765
670
950
533
70
920
12
878
729
936
304
55
947
234
954
847
164
797
1004
100
118
194
755
506
404
711
222
892
158
0
812
124
175
602
878
350
722
261
10
555
300
426
555
950
383
353
94
915
495
642
952
255
15
469
434
139
114
952
330
715
851
350
923
34
164
0
542
122
833
724
790
452
758
477
483
123
1014
222
106
591
515
32
619
94
270
129
753
907
558
125
1012
27
880
330
635
78
789
911
778
869
998
314
29
144
478
168
985
542
470
217
359
125
592
649
158
177
746
83
468
949
372
820
664
522
763
725
264
183
182
783
653
403
757
824
432
690
733
894
415
128
292
62
264
37
377
203
332
792
168
1020
805
727
745
153
574
985
489
440
898
826
459
324
0
741
0
613
688
982
932
540
695
853
621
813
516
518
277
43
267
479
561
405
163
309
662
481
593
843
373
588
348
897
273
207
59
14
215
294
379
1005
985
553
689
274
742
835
1012
1010
429
182
10
734
783
337
827
1003
0
645
300
77
261
997
558
300
166
795
386
320
0
994
199
984
141
441
290
62
927
697
956
958
857
422
189
505
738
429
282
272
868
166
197
75
965
624
518
243
894
270
227
1005
550
381
387
956
880
848
120
596
797
567
303
560
314
688
854
979
89
246
947
1014
433
206
512
128
101
163
165
638
792
650
248
868
162
238
719
570
292
921
632
576
118
292
470
851
354
1011
888
170
356
248
448
129
188
496
310
683
733
980
540
25
134
799
738
427
947
596
97
322
109
258
508
545
958
542
158
924
753
272
166
271
393
878
952
677
430
1
65
17
182
688
958
0
52
287
858
573
335
188
756
135
855
989
876
535
968
472
0
808
774
723
761
766
569
909
2
82
795
424
325
161
549
240
711
290
664
671
844
504
684
511
974
414
693
266
213
515
811
448
131
944
706
492
1018
574
685
20
634
499
268
563
490
501
177
66
19
602
300
648
791
484
729
250
617
36
899
386
84
974
533
228
59
636
64
360
801
798
125
689
210
0
410
696
961
5
354
261
489
900
61
54
138
422
715
350
441
115
849
442
768
246
83
31
510
406
918
681
155
291
554
631
631
679
428
960
447
279
212
688
548
361
324
0
777
989
582
628
588
771
48
265
532
889
757
593
449
732
657
887
448
446
430
99
13
738
655
126
945
180
135
990
497
664
367
417
668
0
712
431
891
318
65
887
689
310
890
511
912
890
47
617
462
297
498
1003
527
797
744
568
230
162
581
724
743
923
465
377
990
107
150
535
718
776
398
548
43
286
697
331
832
309
755
191
962
859
655
25
797
448
501
117
486
180
611
663
116
645
354
592
1017
406
465
173
27
425
89
483
806
670
426
618
100
753
784
823
641
959
313
150
505
97
532
163
202
824
690
357
409
797
998
315
1
126
338
141
502
24
996
210
843
971
919
360
184
44
824
506
980
321
999
957
800
622
258
138
121
457
170
594
378
242
723
865
138
966
655
137
811
966
481
169
875
224
258
420
258
795
273
278
348
151
63
723
890
194
225
24
50
177
942
16
769
447
50
79
379
417
668
54
139
142
619
478
424
219
432
227
971
703
332
96
176
32
279
973
839
719
161
453
836
480
748
215
814
69
819
496
486
172
220
651
997
72
291
521
684
779
464
184
878
417
509
848
496
217
50
529
993
449
986
1012
361
312
385
894
592
389
632
215
3
504
0
367
990
808
414
303
155
770
741
833
99
985
611
95
687
332
857
23
18
326
879
648
528
471
659
212
1014
956
1006
2
971
57
246
329
0
594
83
502
646
195
31
447
1009
866
863
96
927
208
249
43
336
189
265
574
742
738
434
83
846
384
795
0
35
205
974
628
439
905
972
499
26
730
515
507
814
853
359
237
487
31
6
967
771
265
741
824
693
37
830
685
481
892
32
