262
860
418
158
176
272
303
903
862
436
943
302
476
245
714
0
936
333
532
607
329
852
645
433
929
414
120
946
380
48
829
354
544
37
652
861
100
807
467
736
323
872
762
42
277
307
813
917
1003
67
0
825
184
647
85
862
725
65
152
695
666
918
586
0
270
340
317
574
356
391
283
683
94
193
972
965
484
988
588
618
841
674
869
874
480
113
144
338
762
974
751
995
330
390
578
483
176
641
77
709
235
960
749
234
714
167
980
25
110
813
306
29
354
446
211
680
122
565
423
749
771
328
633
103
297
184
259
497
718
600
997
953
506
190
957
246
920
690
747
877
235
687
249
233
561
813
391
283
525
100
375
172
751
500
914
929
908
24
2
749
58
439
639
253
691
80
549
332
920
895
22
818
411
293
158
655
154
812
348
51
259
821
793
784
724
732
816
36
378
900
350
875
982
229
108
198
275
500
972
234
106
767
115
855
115
413
146
117
287
227
589
934
986
781
584
603
199
829
929
145
539
172
93
586
829
434
643
293
497
128
388
853
699
854
0
301
450
491
943
81
328
76
1009
803
126
199
800
972
33
72
499
341
95
681
397
508
918
902
714
863
579
534
324
505
292
16
786
910
816
744
818
434
548
520
396
1009
0
587
405
402
215
1009
820
492
487
440
790
782
278
284
572
177
92
391
915
398
752
391
888
276
951
7
533
65
822
820
144
558
435
538
4
81
559
285
776
238
904
477
561
73
465
174
435
907
425
142
671
544
410
356
960
418
455
767
463
472
746
800
125
554
515
324
569
66
597
38
296
912
606
509
552
942
237
521
813
1012
286
797
598
857
775
948
243
1016
404
282
527
782
273
433
771
879
0
387
737
100
116
585
599
886
559
134
256
934
653
521
915
146
938
237
61
108
43
0
759
737
708
148
467
536
198
902
208
841
434
513
268
961
921
818
445
252
768
980
257
408
321
0
875
138
342
0
656
778
846
694
708
7
400
161
481
156
57
408
209
554
157
244
244
247
409
103
798
295
177
461
591
785
572
848
314
119
442
514
440
570
279
228
555
0
13
924
912
222
155
197
97
45
855
0
326
196
243
636
912
568
437
51
97
380
724
529
514
183
612
131
908
502
921
62
182
671
542
18
766
408
358
584
716
0
762
553
295
745
85
754
781
944
18
429
52
306
134
512
378
307
0
448
99
130
497
972
420
710
729
874
195
456
846
159
588
203
224
775
97
329
265
922
614
488
194
679
620
900
528
219
420
47
32
699
401
800
71
433
316
93
78
469
815
938
307
30
508
809
930
437
506
1021
866
376
213
271
968
487
823
180
820
516
325
663
556
792
946
199
392
948
973
896
804
46
756
125
614
804
992
727
744
98
562
111
369
667
958
573
937
434
239
25
628
1010
788
360
475
720
406
674
424
894
0
578
274
577
263
819
42
263
283
272
258
160
31
434
702
194
771
779
1007
178
223
964
758
593
534
349
377
875
807
154
919
690
899
86
225
584
936
74
30
995
31
439
280
15
189
150
488
450
67
897
697
581
981
757
472
281
382
298
816
773
217
19
246
612
647
540
243
47
709
314
247
764
685
643
841
401
579
747
566
181
134
46
246
582
163
395
252
841
348
269
715
189
157
871
562
275
624
1016
910
583
670
411
1006
374
179
85
452
666
715
175
552
709
359
737
970
997
523
851
184
573
330
428
157
132
774
595
401
543
193
175
44
305
308
360
977
454
844
576
647
81
633
354
58
918
303
710
958
77
926
281
107
403
904
268
836
154
747
76
585
542
548
340
216
694
995
63
860
984
894
882
559
70
126
111
121
907
779
9
98
136
758
1
368
775
642
799
722
843
468
729
293
837
607
793
366
89
272
524
213
660
751
847
24
842
1011
268
53
487
420
507
527
557
756
993
676
180
321
589
169
631
215
282
217
356
580
727
0
345
485
434
533
241
187
124
544
540
552
512
904
829
703
807
136
825
109
714
440
731
37
1003
883
405
684
1022
36
807
972
346
173
382
521
83
841
315
658
459
706
110
913
832
227
954
98
688
868
751
641
532
578
271
369
207
938
76
31
763
95
383
358
729
834
815
725
936
564
856
103
890
576
499
129
834
445
115
22
587
921
406
153
749
521
930
464
256
150
498
455
300
146
270
516
343
156
827
447
747
896
620
455
430
301
961
615
962
391
304
561
360
144
959
314
1012
634
923
267
959
481
517
485
740
413
163
890
70
404
492
274
676
956
10
65
844
1018
813
678
734
95
28
700
196
689
776
669
787
1008
761
276
583
307
226
478
277
212
982
206
265
282
753
708
239
264
948
137
22
543
489
388
812
181
644
75
994
56
939
706
283
1014
1003
553
920
743
273
620
9
1006
1002
886
206
305
522
259
968
301
111
417
310
581
275
424
1006
859
955
135
21
539
962
949
248
277
970
46
559
1
1003
469
639
106
929
745
650
632
195
49
263
992
161
518
526
524
273
891
780
476
553
931
0
72
117
458
154
485
367
682
628
534
325
352
449
588
953
899
850
6
915
596
48
703
770
0
558
555
471
69
491
115
84
246
65
425
559
898
542
277
805
272
972
913
858
843
59
314
375
10
0
781
328
427
351
82
721
443
144
546
842
461
289
871
365
850
407
577
541
909
44
220
89
9
916
360
806
524
844
986
1012
814
112
984
751
503
496
230
690
994
425
841
249
829
455
812
666
140
896
55
951
793
471
241
138
919
425
0
944
509
854
900
268
507
283
426
286
610
426
33
942
834
479
550
86
518
40
347
258
207
273
168
383
981
633
544
527
378
1023
146
524
157
778
495
761
107
143
125
909
149
290
398
652
25
669
30
314
920
883
359
324
541
470
697
404
801
71
196
163
0
260
49
622
1001
566
25
408
569
577
81
561
643
772
654
78
300
380
682
426
431
1001
586
823
572
256
430
582
307
205
1013
50
413
26
743
38
195
313
38
1023
518
920
347
945
369
715
500
984
577
182
14
602
144
627
45
448
9
371
746
183
463
328
428
851
1017
491
616
1001
659
671
496
801
570
90
629
739
96
814
715
207
433
15
188
869
343
113
732
383
746
545
392
227
849
650
806
475
691
1016
691
569
34
853
260
59
125
969
775
648
889
256
948
180
647
112
248
125
378
580
506
310
601
23
276
228
190
696
287
49
815
987
706
384
781
409
608
375
499
530
514
921
673
633
249
337
12
862
474
72
887
765
832
705
806
388
826
510
514
752
949
334
191
70
310
232
736
837
295
579
54
139
372
604
221
821
816
404
744
702
954
654
241
32
972
869
131
994
503
957
247
350
516
447
320
745
68
515
8
594
180
871
591
956
343
631
713
573
693
623
491
458
684
297
5
953
392
899
417
381
504
139
982
833
188
640
731
827
195
633
709
955
45
187
146
1
174
322
674
180
332
584
923
646
516
610
106
111
284
731
582
307
639
175
90
405
245
103
974
416
790
277
578
561
767
458
595
292
745
414
110
254
824
275
271
933
40
269
508
973
211
890
164
69
403
733
531
261
351
775
877
485
193
113
566
2
137
533
810
719
287
650
1017
7
280
329
219
300
39
252
649
918
877
364
824
612
554
40
277
956
625
737
24
844
502
943
440
355
272
755
876
138
727
775
769
252
376
191
904
25
191
727
977
979
872
887
927
541
92
85
28
406
603
812
180
419
942
154
1019
426
544
739
685
931
868
125
832
242
671
540
155
559
636
13
86
495
434
489
728
825
958
336
277
199
279
84
400
291
770
831
238
339
562
698
276
934
231
816
127
962
750
160
493
217
981
106
479
159
103
1012
518
165
361
445
463
975
740
196
838
72
296
978
589
802
153
355
534
64
744
980
252
921
308
4
535
395
21
96
466
228
542
569
382
507
977
968
75
0
0
168
490
571
0
216
875
0
544
315
495
467
164
12
27
180
154
243
355
968
774
674
965
172
659
425
311
230
526
926
439
72
690
191
382
214
117
137
333
283
967
800
484
13
882
266
674
753
527
972
219
121
243
357
860
1002
864
96
144
829
615
461
0
99
719
932
932
724
930
761
680
254
640
697
360
899
375
295
756
900
0
153
430
405
265
178
788
460
890
333
811
868
942
441
501
606
688
748
340
816
884
347
679
561
316
184
627
846
765
258
621
750
166
191
394
514
280
981
899
114
241
84
324
596
542
794
527
915
209
984
516
272
544
751
284
409
349
500
315
551
324
941
386
711
1013
0
598
791
0
256
164
785
475
981
991
417
716
916
936
245
990
675
55
423
549
59
88
567
1003
233
36
717
975
30
270
878
672
1019
81
211
540
265
230
76
447
701
946
269
764
882
594
434
1007
16
444
776
1003
686
995
122
604
147
579
578
906
608
43
0
783
228
133
677
570
29
888
374
634
862
36
655
180
934
239
85
27
865
84
278
699
746
473
223
0
581
898
72
482
185
39
645
499
375
88
360
481
848
317
452
279
831
219
87
867
777
208
1016
257
394
366
904
790
155
446
447
0
968
539
77
941
296
993
55
216
774
779
308
183
151
170
194
176
269
662
430
676
872
469
740
117
810
773
245
519
387
705
217
143
898
855
128
0
213
0
150
965
769
930
1006
987
397
968
190
566
850
392
766
609
435
562
671
18
350
971
391
469
0
648
457
750
787
453
299
111
50
0
80
550
985
879
311
839
232
295
293
579
952
327
707
7
792
841
43
874
513
694
552
252
30
252
234
332
126
0
75
484
766
650
489
899
403
8
490
130
680
139
602
643
835
77
919
992
486
1003
824
1013
17
179
663
268
974
111
0
1017
103
1010
606
580
8
237
889
206
915
663
875
71
507
799
458
1015
13
374
374
318
447
0
87
390
175
1
270
326
428
844
444
118
186
41
406
470
300
894
403
156
749
649
171
634
404
527
863
420
720
253
84
162
960
710
938
1019
458
480
292
4
56
826
0
265
707
965
593
346
223
474
1006
979
613
313
143
487
687
465
649
385
435
602
869
468
833
384
584
217
677
766
622
473
616
539
323
35
490
595
1001
588
322
233
119
481
612
792
454
633
71
776
130
0
399
421
684
213
630
140
1015
836
790
197
663
529
987
998
977
7
785
965
306
705
986
94
591
366
58
987
467
375
766
185
563
112
845
691
25
257
251
983
68
634
308
953
394
616
641
548
489
766
908
852
824
868
733
978
742
783
495
809
816
530
914
161
163
697
675
570
164
501
768
544
204
371
476
298
68
702
801
20
680
535
384
117
36
418
381
508
904
670
920
390
426
905
223
60
0
183
68
441
634
215
638
377
825
561
0
462
580
290
720
1019
113
1000
400
702
1014
135
66
633
325
236
713
809
465
570
611
793
946
122
9
445
646
1003
617
1006
461
0
365
285
825
962
342
307
618
599
852
398
743
714
276
14
306
444
589
467
736
683
244
932
218
744
881
226
417
927
697
0
606
857
718
628
633
596
951
557
297
919
751
527
973
898
600
360
849
482
571
1014
845
500
416
672
1012
736
845
442
344
654
37
817
690
123
647
920
16
492
243
812
32
122
26
745
642
531
351
504
991
70
895
82
280
394
327
871
707
490
758
344
944
282
563
974
94
755
524
790
682
979
589
772
968
35
698
703
900
393
294
888
445
420
356
634
241
399
317
218
675
275
774
433
131
359
405
581
312
3
672
639
205
99
561
801
196
51
537
599
456
179
645
291
932
940
50
977
17
231
478
318
297
686
808
179
121
858
423
207
1003
612
516
478
0
534
34
349
809
936
796
999
1014
819
299
602
927
705
711
537
0
150
685
936
863
311
749
460
924
971
764
235
987
544
868
223
242
220
916
742
976
94
271
15
35
567
857
279
190
370
696
375
911
153
967
419
65
366
198
46
199
259
840
788
746
862
222
897
624
779
1020
6
748
729
563
972
991
238
857
593
183
135
960
62
440
679
399
464
431
340
221
12
315
553
325
406
622
347
167
25
588
100
388
419
993
788
612
665
469
143
721
894
305
52
539
31
923
990
364
262
332
498
751
83
897
519
826
301
834
924
372
371
913
165
820
447
381
207
681
976
1021
595
799
996
638
815
863
727
519
304
89
24
848
533
520
229
82
770
713
573
130
785
968
314
665
322
647
116
674
779
135
834
606
784
52
403
213
40
393
109
838
961
667
63
300
1022
1018
175
533
457
285
221
115
43
722
719
840
956
189
519
615
274
861
657
424
756
316
197
402
119
107
708
611
559
493
364
872
726
899
50
491
224
912
926
246
867
491
225
533
0
838
49
797
144
316
742
396
833
937
980
599
784
477
165
546
693
663
638
750
552
216
0
814
128
801
497
692
347
169
441
682
708
263
515
658
413
875
346
434
979
595
280
608
486
868
633
457
908
964
483
604
704
318
671
392
593
553
615
797
50
916
856
503
410
481
1021
503
835
144
306
736
344
752
60
606
1005
514
413
791
172
899
177
725
719
442
95
552
262
126
515
744
240
487
1007
441
739
0
872
570
618
729
987
647
307
812
432
848
1000
241
632
983
872
453
298
789
81
44
824
383
140
1022
752
83
305
732
913
819
112
377
211
809
283
883
726
89
400
659
894
737
420
856
981
54
422
144
720
527
986
29
729
999
669
223
76
148
826
547
838
456
22
502
955
565
875
1008
795
427
963
58
315
0
678
1013
595
959
756
269
747
391
350
508
29
620
98
408
410
110
484
133
819
955
387
271
965
27
658
281
60
498
696
703
723
777
478
720
1016
382
461
300
184
946
617
745
845
54
852
590
474
783
42
432
133
902
332
376
310
966
357
75
35
126
240
379
354
550
801
147
373
581
0
581
30
78
114
447
925
517
649
662
881
244
935
849
512
695
230
27
284
857
795
27
654
83
481
298
474
432
954
650
900
274
994
355
362
844
875
958
499
576
339
570
9
278
203
591
744
758
839
881
563
17
866
654
337
199
504
38
272
480
581
250
439
802
51
51
112
937
559
0
741
685
735
643
804
698
877
557
661
618
340
591
666
163
37
455
272
678
893
883
531
461
650
931
34
647
365
348
860
360
2
87
47
203
893
94
174
463
173
433
317
518
932
147
993
259
196
715
20
903
869
82
869
245
438
61
912
842
676
638
306
848
27
578
105
303
82
907
462
1010
88
830
670
164
295
155
638
0
702
316
106
564
900
644
388
760
416
601
915
382
395
545
879
224
147
251
782
710
842
17
656
681
523
166
703
574
15
629
208
328
920
0
609
145
558
934
521
71
922
220
128
583
604
11
654
583
122
14
874
493
630
96
808
860
257
271
352
496
707
799
449
367
0
977
379
865
553
938
773
187
161
564
890
251
208
713
14
260
823
453
862
36
359
337
577
330
89
141
756
868
68
705
154
202
708
458
144
720
318
396
530
890
4
699
691
292
685
540
979
461
871
76
548
920
394
93
15
438
0
60
145
0
940
870
110
720
909
951
741
320
616
432
279
104
538
603
279
715
399
952
42
582
507
0
832
945
755
926
194
107
129
176
928
662
781
191
442
295
35
395
912
352
197
0
865
30
399
26
534
68
895
704
358
1021
674
713
404
577
957
182
893
71
482
654
82
847
299
568
442
753
116
850
848
347
707
608
322
856
339
772
534
370
679
418
733
162
444
290
54
883
848
570
329
849
573
833
935
705
57
928
72
400
627
599
615
925
827
442
644
124
122
634
52
560
447
569
989
94
795
178
539
905
681
757
633
27
823
792
924
919
528
115
998
214
83
106
51
497
517
577
0
703
373
96
406
554
337
494
656
145
713
145
677
171
418
238
607
352
406
400
712
835
56
521
20
458
372
246
332
386
43
86
281
720
0
739
691
860
908
470
468
658
154
853
150
923
153
58
595
150
888
339
360
638
438
266
266
533
491
405
274
996
804
132
149
985
982
692
232
979
84
626
729
939
451
706
733
520
134
442
505
268
37
904
561
744
999
819
491
312
810
745
277
458
227
182
748
751
740
733
59
785
971
132
393
186
1017
44
860
688
236
313
940
313
162
247
497
762
664
511
818
350
36
0
985
12
552
948
526
710
747
58
552
775
61
728
539
206
768
468
902
34
383
130
530
447
1017
925
771
434
67
275
177
349
606
475
594
569
848
745
243
879
174
141
750
893
625
558
0
980
975
361
322
468
947
266
644
181
215
143
29
962
402
104
349
108
959
7
570
0
714
542
469
107
738
63
22
691
113
567
188
236
339
7
934
219
104
257
744
96
805
0
827
999
230
1005
862
972
1019
809
559
448
92
172
906
900
993
809
154
979
298
572
326
494
54
49
708
196
913
769
654
277
749
397
412
642
898
841
579
841
465
333
412
242
143
531
1018
109
987
89
816
430
916
398
933
469
297
416
132
417
1017
405
692
875
561
984
910
493
356
381
108
397
342
263
406
164
982
824
144
11
792
593
457
544
422
305
362
143
29
534
101
354
524
666
261
550
594
787
542
802
854
482
127
65
342
555
192
387
913
99
403
846
132
821
905
202
768
915
713
482
651
695
819
59
750
704
817
270
414
1012
529
273
613
351
36
781
498
478
603
45
525
334
972
525
275
783
357
429
987
69
152
2
1011
124
650
780
202
79
606
899
333
25
4
801
187
613
457
904
332
801
495
21
715
271
489
883
543
691
343
597
974
399
514
786
692
313
168
532
832
965
633
708
678
741
463
572
874
348
31
358
586
143
963
408
425
927
29
594
15
339
815
243
238
627
400
400
919
558
0
126
664
61
893
243
579
808
903
272
751
329
527
147
744
759
0
271
13
858
600
294
447
306
217
451
239
229
334
110
703
59
1014
472
66
280
450
864
474
620
345
447
585
754
420
881
566
45
234
949
541
290
65
158
564
576
193
724
783
435
924
959
1010
0
783
55
913
248
731
12
766
350
638
695
388
160
119
844
634
244
544
63
822
352
402
768
183
122
44
613
518
391
842
883
934
922
219
171
33
97
518
616
369
468
235
396
297
499
139
373
359
867
947
325
486
659
1002
958
38
583
64
994
303
393
670
432
785
72
493
147
516
902
474
1009
772
988
397
345
179
54
731
1008
771
933
768
403
496
244
734
876
550
306
698
0
216
197
295
832
814
906
244
9
559
622
257
11
176
672
665
606
32
277
570
789
281
263
61
163
955
550
422
357
730
370
608
192
711
480
391
43
805
198
306
997
125
659
812
257
720
552
880
561
515
537
547
408
440
1017
478
361
796
109
358
0
793
544
997
517
859
302
341
0
0
351
613
240
459
342
70
507
60
106
267
347
386
60
38
868
957
564
521
1003
476
104
272
741
541
549
428
82
879
11
280
827
135
877
194
183
274
177
256
181
845
633
44
531
421
700
553
795
779
245
125
175
714
0
642
69
606
459
339
127
255
823
93
932
289
643
937
796
0
395
71
358
