244
334
600
217
340
969
366
249
299
609
224
616
949
274
539
391
520
865
224
194
15
773
65
80
974
68
175
119
301
850
202
752
90
506
962
995
206
203
879
333
214
441
931
919
991
474
1023
72
145
787
874
235
10
341
467
190
696
491
0
315
651
312
918
242
548
694
919
580
785
632
991
288
641
658
255
366
393
924
845
1001
678
814
891
146
100
797
168
121
136
283
151
914
558
891
135
428
670
818
796
244
104
855
697
754
856
250
90
129
71
472
856
389
991
504
162
406
783
768
430
941
848
676
15
869
291
422
435
640
1019
840
174
888
269
866
0
486
131
724
579
104
151
76
341
461
151
364
583
579
845
817
128
591
413
864
665
521
105
486
376
400
552
60
394
555
665
99
134
142
105
18
277
7
375
855
768
381
953
1008
0
534
0
384
12
181
457
692
679
883
879
1012
388
406
1006
365
683
55
449
966
877
639
910
928
491
712
239
566
847
765
273
130
481
447
624
123
1015
239
235
82
1002
798
842
0
393
246
163
274
0
545
446
190
344
310
218
264
231
521
986
213
268
543
186
963
499
898
516
966
780
479
556
124
78
852
33
136
431
270
883
335
507
300
536
243
702
272
919
329
216
888
467
64
153
273
119
58
61
477
993
438
796
114
452
546
725
131
792
545
984
56
452
993
460
588
782
394
766
744
618
638
348
38
497
647
0
342
794
831
810
129
968
351
236
2
1002
38
805
943
275
760
419
513
384
851
833
216
829
875
257
237
35
682
9
925
147
131
0
620
953
882
958
74
25
429
318
868
619
507
353
552
1002
759
618
965
543
335
106
806
133
851
1
2
343
791
960
874
369
16
575
986
44
216
999
54
745
351
225
243
516
806
289
310
776
57
752
872
885
946
339
118
817
664
514
793
358
343
1020
578
350
1007
454
499
587
985
841
451
848
13
7
426
766
749
142
0
652
430
174
896
808
517
829
546
935
298
317
607
892
280
425
549
435
343
777
524
662
837
0
199
686
361
514
97
379
558
286
745
785
207
928
340
290
289
105
7
779
694
3
789
62
799
59
378
128
960
840
24
104
155
740
263
204
509
920
922
658
204
927
390
240
677
435
659
336
368
378
206
566
564
862
319
116
984
761
195
799
99
967
564
627
357
133
177
568
378
591
746
296
170
223
822
648
620
270
256
150
519
175
620
582
645
607
31
766
581
153
946
663
135
331
842
716
137
564
249
947
121
453
27
473
544
680
418
650
213
422
747
420
27
187
421
447
377
50
424
226
0
581
108
481
734
320
0
509
550
93
755
0
854
719
691
408
683
10
903
952
744
703
506
107
441
130
908
603
1005
299
1004
49
477
174
291
671
56
780
967
701
883
657
944
964
765
274
578
304
980
924
250
332
674
271
10
634
378
938
818
215
744
761
490
250
35
932
102
31
401
643
967
916
242
303
480
161
418
598
386
0
238
483
987
737
1007
90
805
876
645
644
669
685
913
541
473
521
887
496
247
857
396
62
963
218
994
896
597
479
627
509
288
452
27
325
373
204
459
758
441
472
484
281
824
294
327
316
474
400
268
1014
65
803
72
110
651
800
840
343
154
177
290
189
634
5
807
390
459
1006
295
369
16
798
137
488
917
648
364
756
836
701
885
463
156
358
887
855
314
539
1008
127
825
317
458
325
339
153
806
196
946
860
155
733
982
62
300
928
656
837
957
90
69
448
740
485
303
802
1012
3
504
964
14
125
401
259
990
275
0
951
329
32
775
17
915
430
125
