3
81
257
366
944
413
576
315
347
442
0
152
944
223
309
552
486
218
189
113
484
879
79
531
877
926
905
131
467
653
120
1018
1003
303
57
22
897
994
660
384
833
373
838
17
496
12
26
986
813
137
781
889
335
921
139
749
959
32
596
822
887
115
465
27
658
475
740
943
938
794
466
208
678
339
30
23
333
100
721
143
535
1005
360
429
558
453
273
807
678
705
109
379
420
766
265
734
119
145
689
1003
226
606
129
224
470
698
143
561
918
681
584
400
28
753
813
795
499
487
609
247
825
55
103
325
250
416
700
970
797
268
186
330
360
731
945
243
308
206
741
371
425
701
910
242
634
928
400
575
595
447
200
355
578
457
5
901
9
558
345
68
530
385
182
55
339
193
846
558
449
777
483
391
137
760
968
270
57
205
315
957
363
36
156
837
8
608
0
366
311
700
633
500
986
837
376
887
626
559
370
457
222
741
1021
684
696
28
259
454
965
688
41
437
55
404
381
805
591
181
17
982
358
0
872
694
931
317
892
306
769
641
268
691
552
112
883
487
92
293
81
707
166
47
122
641
729
569
684
889
779
227
375
532
920
512
276
22
907
80
888
180
662
647
486
173
921
341
428
567
801
32
907
784
663
575
48
541
659
978
552
841
600
698
874
124
235
242
22
62
543
821
45
292
101
1010
54
214
621
61
328
497
698
918
929
81
753
754
483
674
621
500
58
537
105
766
19
99
147
182
406
457
292
93
717
569
803
389
460
476
998
267
562
208
347
406
45
378
105
0
0
48
802
3
941
962
275
115
909
397
384
165
964
70
132
714
918
810
982
28
0
175
375
942
549
469
860
365
961
69
996
66
408
256
229
409
49
658
194
625
510
613
519
737
440
584
241
440
995
372
892
948
845
0
150
327
573
239
607
31
0
118
257
125
18
974
0
320
355
3
505
770
273
0
976
494
835
316
639
950
886
68
895
250
57
617
506
628
559
577
94
691
317
896
663
183
44
409
985
653
1003
643
459
518
413
403
818
1008
791
886
429
316
107
256
695
555
352
813
725
787
0
1000
140
44
36
760
851
679
782
851
939
31
932
50
106
0
959
255
430
314
277
154
364
288
549
125
653
7
637
499
383
4
639
182
827
675
774
494
798
506
666
871
227
994
514
189
22
992
699
152
334
462
912
172
722
947
381
706
845
958
930
688
791
29
453
469
958
772
223
942
1021
83
921
81
773
147
969
22
982
169
111
590
1022
805
634
572
286
834
552
580
699
927
780
28
93
651
964
424
422
886
170
204
844
258
50
70
159
505
621
105
513
10
379
378
347
501
471
683
447
0
430
300
277
788
267
373
342
243
89
934
203
686
400
10
93
87
372
207
419
812
241
787
603
457
391
750
582
0
472
411
8
89
857
820
781
620
640
60
556
161
563
1021
664
194
565
780
590
23
283
427
290
232
690
91
781
725
459
529
501
432
484
389
684
244
131
747
972
582
203
0
57
509
284
821
477
618
245
455
277
826
280
159
34
90
544
713
785
694
325
755
319
522
930
855
22
708
143
935
429
924
541
854
170
1008
0
332
216
172
624
610
432
191
518
608
396
290
844
905
19
661
964
46
135
777
934
905
483
1006
386
581
179
686
723
430
42
956
478
750
288
447
956
118
933
185
310
109
163
896
94
516
83
223
233
663
425
243
546
784
23
82
137
820
649
314
526
438
0
539
458
764
507
73
725
857
439
350
35
946
365
129
205
743
869
689
274
308
345
382
722
1015
242
414
313
116
481
0
304
788
93
565
776
296
689
995
228
945
508
930
981
699
850
208
290
118
593
455
274
790
643
117
634
325
266
926
714
641
906
297
334
505
979
192
183
228
513
777
390
242
126
338
482
589
410
203
500
110
105
389
408
439
979
887
811
552
816
606
259
763
912
957
464
243
94
946
250
883
959
202
714
499
44
373
448
724
18
1008
897
511
844
46
337
853
643
82
232
211
952
348
426
603
539
217
112
1
546
942
324
60
829
0
834
834
671
993
811
434
200
822
116
787
506
0
228
241
892
345
994
683
61
594
203
484
635
162
839
822
84
972
803
958
638
152
19
283
579
781
354
616
867
152
420
888
966
559
473
865
74
600
459
0
361
474
688
121
558
420
43
0
429
435
717
203
949
320
865
912
330
139
394
141
353
869
407
497
634
203
332
324
183
78
867
933
909
706
682
205
190
335
872
69
3
758
73
0
73
463
267
24
161
649
0
508
995
551
781
236
491
940
554
546
911
778
0
368
950
565
546
615
332
533
82
63
483
7
402
183
856
288
131
667
683
291
542
904
996
199
986
0
206
685
450
600
39
0
600
8
287
872
956
127
323
421
930
645
136
737
301
273
464
820
208
831
153
43
421
690
1022
420
217
30
100
802
691
874
669
738
170
391
757
590
140
683
524
384
233
0
367
579
396
355
916
306
264
410
743
0
29
237
999
216
577
325
161
75
554
263
87
7
443
109
916
890
384
511
106
52
453
758
423
597
89
655
135
41
759
199
422
7
771
155
759
52
57
422
834
856
699
209
73
446
441
432
845
79
553
237
686
114
487
176
476
441
354
437
942
250
734
24
337
247
0
855
540
773
0
998
716
354
620
338
933
429
475
966
292
868
459
482
940
989
454
0
192
994
69
322
409
869
302
623
398
193
143
292
97
633
984
0
460
884
296
252
497
14
431
938
994
840
860
752
836
643
353
64
530
563
797
277
250
350
435
9
481
71
1011
740
597
566
947
283
822
123
80
886
651
531
990
943
615
807
821
414
329
920
788
607
318
825
748
946
370
907
624
737
514
939
574
149
9
782
239
288
528
1022
926
665
735
976
390
828
111
434
27
797
397
35
309
867
270
546
634
69
0
742
1001
295
322
51
291
722
758
454
613
828
496
865
652
641
680
720
609
492
36
310
550
574
449
325
596
207
577
497
751
892
1005
230
787
658
724
598
861
475
286
297
77
324
878
522
808
947
633
1012
392
670
656
483
504
651
764
725
589
207
907
525
905
342
913
907
348
512
299
104
112
259
28
302
559
68
407
200
439
15
26
784
535
0
640
394
479
62
1000
376
732
38
128
342
82
938
408
75
691
1019
618
533
68
498
1009
735
832
0
910
338
739
58
51
54
771
699
146
184
961
354
2
607
52
388
801
354
142
947
323
467
488
181
541
658
754
86
348
11
229
526
636
959
250
127
516
473
281
540
552
663
914
357
683
872
974
160
245
881
80
783
796
123
441
99
332
716
185
539
468
623
834
240
432
539
841
437
595
462
729
298
576
508
394
906
43
4
188
1005
962
297
116
0
140
821
36
140
637
395
849
979
574
585
114
892
638
293
770
457
330
871
208
353
846
197
945
187
802
396
363
584
55
949
655
530
856
315
710
829
351
152
45
261
422
934
677
301
745
823
387
36
902
211
749
481
892
33
774
392
523
407
784
189
65
569
626
365
46
830
181
632
424
892
1012
757
795
638
417
161
206
321
4
861
335
0
287
164
665
469
794
434
940
989
340
221
616
477
16
718
742
435
709
399
836
636
120
26
707
451
849
205
619
440
1016
795
134
756
579
717
373
379
669
852
7
615
927
27
31
191
501
892
561
379
836
406
119
814
1019
624
707
776
904
171
471
541
952
930
392
56
470
196
46
247
951
671
495
1005
806
100
604
136
703
504
345
799
317
63
951
42
940
365
34
370
469
657
187
876
109
477
207
818
321
395
948
24
847
363
430
21
98
413
960
537
163
417
272
285
0
962
658
990
546
396
672
1013
762
904
559
147
425
460
391
671
63
77
333
792
579
294
462
267
311
286
74
394
55
84
526
980
509
116
336
814
148
763
723
893
731
714
307
250
381
0
941
0
581
50
867
129
388
25
689
804
456
384
723
508
997
586
0
109
41
815
487
139
411
45
410
896
422
347
804
200
758
137
183
52
725
85
227
160
570
787
27
400
929
756
838
444
43
868
584
1021
404
438
98
338
124
179
604
815
878
10
277
919
736
725
78
864
377
630
347
0
394
221
1021
458
137
899
853
329
943
937
0
308
632
831
234
981
924
527
111
254
20
375
458
317
427
468
503
677
331
508
1012
53
418
832
955
150
793
184
803
980
801
408
191
582
319
127
975
695
0
47
431
86
0
266
911
947
684
774
576
380
306
622
859
43
865
886
375
34
467
157
923
898
718
0
648
719
454
661
97
93
406
377
510
724
454
474
654
370
561
232
531
452
66
890
177
55
749
601
242
837
38
306
228
557
122
633
671
995
23
815
688
193
545
275
234
229
68
507
0
576
141
809
155
579
469
805
391
48
326
530
568
935
891
655
661
620
211
1000
964
894
620
456
426
799
260
634
81
515
858
671
633
466
759
490
577
612
895
983
787
229
993
608
503
619
328
240
440
578
676
0
28
371
630
679
1013
589
630
837
951
226
908
146
521
104
438
663
597
294
89
1021
526
544
386
283
4
758
0
1
552
410
808
446
279
593
634
417
90
701
983
753
185
27
48
739
437
324
1002
646
660
640
68
125
708
395
668
176
130
882
882
906
714
227
623
773
115
629
846
722
24
2
560
230
1002
758
659
739
100
82
768
94
858
834
678
517
329
969
515
55
312
704
366
257
126
987
932
566
83
942
868
689
282
563
619
111
354
445
2
0
493
908
856
617
0
385
161
237
696
422
550
719
969
32
401
329
416
368
150
876
468
244
458
656
377
244
166
689
588
408
330
784
487
973
292
272
191
542
368
122
256
395
316
650
679
297
59
716
896
836
275
698
28
839
199
815
198
910
542
0
167
190
869
225
224
28
492
1022
795
589
685
517
641
691
423
0
588
578
262
79
66
55
356
214
424
543
148
574
8
73
776
243
457
298
467
328
733
730
615
581
837
553
633
16
257
742
390
339
572
107
209
259
904
529
735
265
372
245
243
868
573
225
597
431
839
626
70
882
540
868
611
289
769
205
203
70
971
59
64
332
0
136
307
792
136
352
997
790
820
995
4
707
318
877
635
667
395
408
707
343
788
608
723
590
204
626
374
835
234
809
810
637
0
732
868
776
593
851
207
718
134
142
449
351
643
343
569
74
283
736
168
8
910
774
516
655
136
789
350
811
619
359
800
521
292
731
634
802
732
730
875
294
361
354
24
404
802
9
716
610
23
461
70
257
393
370
602
98
888
1023
877
140
318
955
135
285
186
917
0
956
817
450
838
418
872
921
352
1000
729
334
574
1009
37
232
300
874
510
906
96
749
320
718
314
416
445
361
597
167
144
891
17
30
579
77
949
673
851
144
473
476
348
184
158
779
951
886
23
673
798
487
12
891
918
162
108
27
746
864
677
271
766
515
165
477
765
775
419
139
908
889
1012
189
606
80
156
916
581
0
468
674
15
402
71
0
645
690
421
320
781
81
41
251
119
521
570
799
764
19
92
959
257
106
763
207
5
517
108
807
183
42
192
621
558
104
904
619
19
550
91
336
524
462
487
196
914
177
1
858
423
149
966
987
582
52
31
203
232
521
366
581
68
297
0
959
875
175
281
782
189
1005
776
538
123
804
495
795
959
965
80
502
665
72
35
45
328
609
387
154
942
908
215
314
525
6
618
545
678
388
351
1015
377
731
939
754
569
181
842
643
430
379
626
629
124
349
459
903
940
588
315
798
994
443
259
551
936
220
487
629
957
893
108
910
416
368
250
709
0
522
400
988
934
214
435
531
332
682
839
118
572
594
79
1003
419
133
569
868
844
949
969
970
214
713
206
888
153
353
1022
404
226
458
884
670
352
245
76
349
172
513
724
304
639
88
277
226
716
156
540
570
690
0
586
964
298
626
391
202
815
573
951
0
865
557
866
36
744
90
0
0
770
37
889
466
536
746
475
166
31
350
281
409
757
112
723
360
26
287
672
1005
691
412
313
0
0
954
122
530
225
300
428
633
221
272
534
501
946
300
592
277
693
168
985
37
842
632
596
148
750
520
781
629
275
721
234
762
87
836
708
31
185
916
698
313
301
858
260
408
183
891
831
337
0
742
528
907
1007
158
532
325
492
792
536
188
621
710
888
291
0
757
911
817
724
869
895
414
248
477
82
765
912
40
448
942
163
789
263
990
316
570
47
880
113
71
1004
410
305
658
211
635
134
689
499
836
678
979
756
426
215
188
374
742
604
121
1013
283
229
770
993
158
84
222
149
525
812
529
548
109
1021
144
528
870
52
204
941
861
919
202
362
792
419
546
23
888
217
593
131
129
373
902
260
822
576
971
984
656
684
244
141
451
934
95
55
822
623
709
10
902
618
891
732
376
669
548
859
186
705
765
559
767
461
363
448
454
488
991
1009
611
1003
780
173
600
247
927
784
211
1002
889
51
552
585
14
546
0
336
113
112
19
969
442
633
953
635
365
286
148
807
689
418
503
186
527
805
478
593
2
22
116
