968
302
70
134
503
451
654
430
307
745
251
748
447
987
989
361
285
616
482
346
210
106
604
535
939
391
563
199
705
795
696
288
704
731
1022
832
330
477
8
602
434
362
469
522
888
302
650
617
547
769
844
14
277
939
494
0
972
147
16
828
709
606
165
777
804
184
863
71
367
164
1023
204
712
376
358
854
261
489
856
169
615
274
199
801
368
903
574
52
214
112
32
300
613
617
34
182
508
80
443
64
718
403
0
147
661
386
355
67
349
0
509
352
837
523
932
870
0
941
981
181
72
575
885
346
121
752
854
495
729
139
7
193
75
0
841
788
877
129
760
401
986
260
932
96
692
984
756
776
109
306
802
154
384
1
29
57
833
785
887
860
547
748
352
915
827
794
758
423
0
750
302
53
592
878
565
762
150
295
639
350
186
97
994
915
577
1014
0
581
439
863
309
735
424
42
584
854
460
734
312
948
796
4
922
651
206
715
185
529
347
269
625
209
204
358
193
504
988
454
1002
896
725
863
16
507
826
1004
628
718
316
317
954
485
0
311
589
205
200
109
435
314
996
499
689
289
723
395
642
139
165
18
159
683
988
732
857
741
984
29
527
232
441
607
756
22
252
318
529
993
662
479
310
702
469
0
193
951
370
671
759
998
824
258
572
318
125
222
415
574
728
828
31
305
104
375
591
104
188
328
660
640
255
567
939
247
350
884
552
711
170
982
701
854
649
848
3
939
350
362
97
940
363
584
878
873
7
250
25
506
255
683
8
995
869
559
1006
694
786
915
488
408
646
289
457
432
651
445
110
330
540
760
362
352
210
856
179
486
869
620
178
641
961
686
944
327
107
415
651
832
164
628
422
548
233
884
937
909
955
357
583
349
572
675
354
114
353
894
43
215
930
601
762
394
364
624
711
219
872
674
576
942
756
721
188
399
824
392
535
1021
269
572
814
0
845
0
130
576
876
667
966
663
759
822
395
641
276
303
572
34
421
551
134
464
801
891
756
757
897
576
141
56
735
693
12
1016
488
128
15
715
274
858
348
238
718
884
720
832
929
785
695
681
43
273
593
105
758
927
265
929
87
121
814
424
944
277
654
489
65
192
409
937
792
125
496
973
324
0
452
105
30
520
818
749
108
824
531
757
36
232
655
42
927
799
385
92
530
606
57
671
496
325
547
378
545
835
948
846
910
739
1001
129
926
863
82
74
489
979
733
912
395
206
99
776
566
0
627
155
331
572
161
952
822
894
750
199
716
706
703
179
51
900
724
130
776
725
701
525
923
975
770
856
630
770
618
523
973
407
195
972
0
351
102
162
145
0
185
586
444
144
611
614
195
64
62
811
769
931
578
809
572
468
966
561
960
230
846
451
193
40
911
245
694
82
365
941
158
979
466
141
466
342
740
967
997
682
3
763
393
541
384
151
334
720
1020
339
125
417
497
615
841
23
178
213
843
787
81
720
166
474
246
195
824
751
792
138
624
427
805
645
953
109
875
150
595
913
591
123
519
494
691
900
292
273
635
604
439
692
1014
716
442
879
353
191
872
836
347
695
690
444
72
790
179
979
602
839
721
826
640
994
167
957
566
540
814
648
727
366
1007
872
225
740
444
940
643
600
873
773
464
796
529
616
934
888
820
333
395
715
451
601
19
840
380
665
221
957
610
591
257
992
17
504
592
714
1021
474
129
274
854
199
863
744
248
970
745
786
494
521
205
470
420
633
227
278
184
1008
390
838
791
308
448
1017
833
0
561
459
165
174
124
55
367
508
693
538
970
716
395
734
569
258
749
225
232
808
244
126
686
107
729
989
693
223
611
486
694
541
1018
1
625
488
574
108
907
843
674
324
148
435
130
589
70
903
868
301
1003
734
908
738
600
871
527
849
835
15
406
89
230
606
502
536
422
744
20
654
633
329
567
789
493
539
621
434
148
498
333
245
690
110
36
774
874
980
481
183
661
457
541
426
218
887
637
766
513
191
1017
730
662
262
463
865
800
184
867
74
454
885
0
579
599
205
533
59
384
230
680
641
138
951
257
764
663
202
318
754
587
702
818
73
1016
712
852
812
800
689
474
619
702
460
164
21
951
607
316
607
454
547
54
399
76
972
703
429
108
244
707
164
766
850
532
654
835
380
657
243
376
104
31
352
187
134
227
76
527
745
460
1012
698
544
105
709
908
131
410
739
508
476
276
567
98
771
73
97
58
66
210
37
814
504
106
921
778
62
329
827
657
719
611
381
361
260
282
897
145
244
818
144
0
48
341
402
766
559
433
209
248
689
408
575
11
1004
749
80
440
78
439
488
303
758
987
620
1018
553
316
441
942
14
897
664
176
920
754
435
417
414
792
902
919
839
689
100
99
853
427
387
343
510
672
490
943
548
886
905
40
19
550
915
202
166
0
64
339
820
327
456
163
707
422
310
801
29
65
0
479
0
177
637
714
35
590
477
927
62
45
225
830
173
258
99
165
626
185
174
49
785
199
32
105
656
577
452
290
0
813
225
124
990
342
308
624
763
627
784
113
329
118
47
309
835
831
578
398
401
865
778
826
883
28
145
891
184
793
528
792
0
602
1021
911
928
844
961
938
609
707
801
918
407
261
422
420
169
478
325
778
48
627
940
179
346
512
513
924
713
793
380
677
670
595
994
225
419
221
252
926
455
834
641
396
571
280
124
343
1011
541
85
739
728
728
349
729
1013
661
508
467
127
29
197
1013
287
921
1021
163
137
134
616
380
1004
782
560
6
417
68
116
349
257
680
534
722
910
0
448
552
371
1011
456
581
863
947
51
143
196
865
810
789
936
339
100
397
549
543
660
953
588
710
867
548
536
10
253
778
271
447
268
353
4
499
25
463
213
176
751
523
559
443
606
557
926
404
810
1015
998
223
0
282
891
849
725
796
716
469
860
6
17
50
381
375
427
836
597
539
0
217
162
93
969
685
606
53
21
768
279
147
635
907
538
254
515
233
993
432
64
180
519
562
1011
0
148
746
772
76
30
704
450
445
624
190
558
289
767
968
422
718
377
307
84
494
171
279
449
874
27
643
317
505
313
456
154
189
257
327
946
612
733
663
68
895
682
150
937
989
334
275
640
238
973
131
470
503
191
97
931
197
178
98
47
660
331
372
180
0
663
27
77
279
158
499
367
690
37
79
591
754
985
425
24
793
29
78
601
251
682
646
30
664
829
50
178
995
478
567
924
954
230
375
349
410
375
225
432
751
155
552
754
437
553
244
830
139
388
507
452
353
790
906
552
912
995
82
12
468
247
844
175
952
122
50
576
308
719
335
723
78
255
369
124
628
835
528
100
537
393
690
62
902
433
388
836
162
950
741
890
39
339
364
6
249
397
75
530
21
148
377
429
342
35
720
359
204
43
123
125
790
584
932
751
416
524
115
806
108
617
137
300
666
290
708
158
332
495
240
263
985
876
877
0
579
676
300
386
709
226
583
194
701
574
587
441
965
534
103
714
273
735
691
836
19
961
177
1009
272
52
806
94
556
490
495
16
882
115
403
819
115
262
806
865
957
654
246
407
0
368
655
199
250
0
429
35
170
607
963
126
25
939
283
1002
555
504
638
913
909
733
558
15
377
213
116
230
608
935
499
361
252
59
71
178
203
934
714
761
505
883
173
5
700
896
935
932
487
292
691
662
547
712
291
14
2
948
644
739
894
701
642
788
534
9
760
797
1014
795
647
838
717
860
550
468
462
741
19
349
199
713
483
47
544
625
191
861
311
683
892
839
0
70
669
301
261
78
78
75
186
8
887
476
665
700
620
132
494
997
289
896
824
612
0
401
489
241
498
289
412
26
46
398
616
2
647
9
283
160
17
93
745
377
785
77
974
431
993
821
155
489
130
206
285
641
554
289
676
194
807
589
1020
489
775
883
305
423
422
773
746
372
583
552
769
761
92
852
627
722
336
123
6
133
193
875
192
908
445
83
757
766
851
420
642
887
675
476
768
944
12
150
688
415
7
955
223
75
766
281
2
917
654
317
595
979
0
409
960
829
761
273
5
138
516
987
363
30
996
421
75
128
444
925
998
377
792
180
578
216
220
104
614
119
353
655
611
32
33
992
842
325
111
690
583
290
144
659
982
430
452
270
344
649
513
949
577
0
510
530
227
81
238
168
854
117
259
460
119
173
259
512
76
755
926
337
871
863
540
705
669
513
153
864
736
378
689
811
0
583
410
202
408
596
462
495
602
292
103
765
964
100
236
393
403
0
917
0
198
902
820
946
585
212
737
1014
585
919
549
790
190
670
649
530
567
766
46
920
189
2
306
733
765
440
57
27
118
482
45
59
570
389
0
528
87
473
881
659
157
763
922
375
196
876
794
247
983
429
403
701
519
659
616
818
1019
231
875
474
0
60
386
604
68
166
266
227
971
223
467
276
869
756
34
683
126
967
733
1003
999
905
473
359
660
65
607
783
157
303
864
964
976
472
920
442
635
396
135
17
260
755
414
536
772
506
193
351
46
589
895
457
337
533
713
0
1016
125
878
805
868
875
122
330
924
216
360
838
244
903
818
808
695
270
934
263
581
338
83
260
91
909
607
24
99
538
637
93
95
182
975
939
734
362
516
323
837
726
458
523
456
504
403
520
437
856
703
131
823
736
554
684
122
516
252
778
411
729
578
326
355
618
433
452
135
305
891
0
882
639
411
14
556
697
128
242
212
404
651
240
1013
641
55
549
660
625
827
189
976
318
914
310
0
744
27
306
586
777
843
26
315
107
539
283
976
84
741
480
572
891
1020
316
158
885
819
705
233
91
496
304
286
92
338
216
478
576
868
899
0
724
188
222
762
871
780
34
0
586
697
189
855
854
152
421
124
153
220
328
783
854
684
982
296
42
398
8
800
143
908
644
764
938
508
805
218
954
649
170
604
243
424
435
221
521
798
102
7
169
536
705
296
336
880
858
904
749
653
170
145
422
555
671
649
657
937
862
398
705
330
955
1011
161
687
528
520
638
774
244
71
193
440
128
364
659
814
607
16
922
925
567
184
736
883
564
831
239
438
403
598
833
217
501
893
501
847
580
600
695
324
686
704
528
498
524
175
322
394
350
50
196
768
674
777
621
354
7
187
656
912
93
435
846
345
0
211
858
406
858
8
523
335
948
918
0
690
720
886
670
722
305
96
668
756
86
272
654
80
468
1020
200
924
153
460
279
234
836
906
529
1017
610
985
237
830
206
937
728
739
194
994
137
368
535
627
1011
853
965
108
579
601
138
1001
468
151
252
691
644
80
0
1002
933
924
243
336
931
296
182
879
611
655
40
393
415
577
937
839
535
966
915
997
916
796
388
832
0
408
480
316
14
502
646
969
661
13
347
361
788
562
692
128
239
322
310
257
998
389
714
906
603
271
557
56
82
671
919
0
812
107
533
679
252
212
811
900
1006
441
155
397
287
175
701
616
725
386
424
384
686
627
617
0
544
478
262
155
714
80
79
778
225
896
911
905
828
546
165
478
755
544
110
544
698
261
311
367
537
972
97
430
0
491
535
22
182
915
796
614
241
373
652
1005
966
494
231
987
293
171
598
118
233
806
290
335
0
845
53
327
161
316
541
488
349
1011
556
648
293
774
890
93
525
249
845
347
509
308
199
1
256
320
314
999
182
674
579
69
450
61
405
509
513
932
777
530
755
420
507
205
38
971
917
394
606
207
123
56
514
806
439
819
772
466
391
972
525
145
920
383
75
209
897
227
560
755
328
84
446
633
244
81
336
1012
797
923
937
716
579
841
675
195
439
114
183
483
208
130
795
477
891
7
100
830
130
356
237
615
438
182
926
854
487
78
544
1
902
334
798
315
221
525
318
316
804
339
345
808
519
227
674
879
181
828
869
616
589
637
427
766
972
143
424
51
718
252
968
958
971
753
1008
578
945
688
353
217
68
497
834
939
298
33
473
290
745
247
550
229
854
713
130
617
760
632
920
2
407
768
327
599
186
515
284
642
325
209
375
432
249
167
689
468
1003
873
420
419
360
15
609
465
803
809
514
925
248
488
723
73
400
202
282
754
55
25
281
971
611
648
1005
427
240
611
643
827
110
851
224
808
151
211
754
136
19
244
600
474
474
633
415
407
204
552
185
122
777
71
288
242
568
410
606
236
24
399
75
558
115
0
628
904
438
328
583
675
486
897
691
86
95
628
558
489
732
247
965
1010
0
729
97
513
193
639
1004
104
36
1
881
716
556
141
153
686
844
615
398
30
928
676
712
452
666
396
318
119
38
195
227
926
747
897
91
393
166
868
541
438
896
325
369
666
970
35
187
381
586
747
818
1011
522
90
577
500
874
855
1022
572
472
136
617
140
127
772
529
565
486
275
31
311
315
25
122
0
840
669
372
610
998
427
268
432
579
879
736
648
469
510
190
71
698
544
201
509
842
372
608
779
414
959
986
919
430
334
694
600
487
254
798
671
262
463
799
38
935
262
640
760
360
20
882
155
153
515
604
219
715
893
236
845
0
998
375
265
340
744
610
140
899
44
855
958
375
650
691
269
66
491
836
162
695
333
757
357
341
788
360
696
109
683
257
43
204
835
995
136
1014
649
181
689
680
567
961
396
45
117
364
446
367
196
962
619
31
651
511
881
959
471
1001
222
87
349
352
232
823
75
442
567
333
544
550
793
946
619
791
943
219
183
953
219
468
903
648
621
513
433
962
516
458
48
205
294
67
468
47
150
586
556
244
71
820
839
78
875
774
814
189
409
563
785
448
980
993
392
770
808
348
377
767
797
224
388
705
809
183
834
658
78
966
349
968
1006
781
275
856
246
276
606
933
875
775
392
755
981
559
960
108
166
54
34
704
610
881
0
324
893
270
86
685
885
100
321
640
422
581
196
0
554
400
725
425
719
79
14
100
300
901
93
1013
543
813
95
154
19
173
900
81
781
1001
893
632
273
503
769
759
801
747
613
77
20
522
279
589
813
294
735
531
64
383
130
0
323
607
12
486
859
388
763
781
71
932
656
398
483
704
771
419
315
596
53
757
865
462
40
800
543
494
1019
701
848
1
211
866
377
717
554
533
5
580
339
264
278
937
210
413
739
704
16
503
613
20
305
81
882
184
188
274
653
31
208
904
815
298
639
615
736
119
682
130
272
917
239
493
705
757
435
265
525
562
7
982
823
329
522
219
577
327
27
575
62
615
433
135
500
660
424
1009
391
701
36
821
680
165
365
1021
25
747
343
121
742
771
385
780
58
579
403
268
869
333
611
92
858
244
128
211
20
61
474
593
1013
0
744
362
379
963
381
801
359
71
0
3
338
689
417
25
985
0
99
824
654
868
422
791
932
895
919
660
84
0
552
291
617
702
519
368
89
452
729
711
692
3
110
129
1013
600
751
750
740
864
453
180
34
520
176
551
116
689
593
672
996
275
4
909
757
406
296
395
225
304
192
872
4
81
662
645
633
179
5
844
150
854
314
727
619
600
220
992
79
48
926
918
884
825
480
708
142
504
578
128
629
501
574
996
564
383
213
385
120
555
617
939
348
482
282
855
851
181
178
390
799
117
950
134
534
602
338
390
740
151
1005
0
561
496
771
13
445
372
779
63
640
547
848
421
381
631
974
513
785
718
145
810
258
265
859
537
500
617
969
0
262
931
797
517
704
434
100
311
840
498
987
765
607
802
370
38
1003
103
788
680
752
294
570
670
654
796
0
705
469
444
306
872
902
708
864
376
926
981
655
621
412
607
804
686
469
741
956
231
801
951
343
903
766
519
875
808
184
20
936
257
495
409
340
489
544
103
19
549
980
196
243
398
259
576
949
242
271
852
55
84
0
673
899
834
341
500
391
496
954
75
174
868
843
121
296
787
930
747
987
509
913
286
961
323
973
842
339
412
300
862
261
109
966
2
479
774
728
0
693
328
804
462
917
180
972
711
107
703
873
489
957
991
266
515
735
614
324
456
800
694
298
786
700
621
147
722
730
735
692
608
0
1011
1010
536
248
43
732
21
554
977
0
0
734
552
346
0
151
95
672
953
998
310
151
121
625
559
100
706
768
681
606
429
882
428
308
968
787
638
445
520
406
0
707
774
69
972
203
174
528
57
935
218
798
477
837
302
931
377
597
15
742
17
496
296
448
479
425
330
604
603
59
875
180
770
487
320
631
734
70
563
233
455
412
523
708
743
288
548
752
62
170
93
769
979
985
512
774
171
