0
32
926
630
416
867
186
529
997
379
256
200
348
690
453
772
381
444
130
950
141
0
216
306
327
134
851
564
662
553
772
558
101
874
358
616
475
1007
246
576
187
648
295
583
30
157
435
700
0
474
34
415
897
82
852
515
89
53
734
688
0
878
407
677
259
515
1004
80
210
523
205
911
76
86
0
155
460
165
614
198
540
839
605
931
348
604
899
307
405
328
311
727
893
279
382
300
664
183
197
297
961
588
980
987
44
791
534
484
438
225
747
451
87
788
215
758
1009
366
455
257
35
163
274
859
271
720
415
617
751
349
500
320
0
381
423
280
57
530
839
843
368
661
367
611
339
740
561
0
167
323
245
837
108
413
546
760
719
596
732
782
909
3
199
512
65
503
730
568
0
459
982
576
637
68
284
890
93
99
514
182
183
695
195
678
277
273
16
120
93
168
97
277
333
32
145
244
583
691
822
371
561
926
419
599
714
829
894
204
428
528
545
65
1008
843
324
120
20
508
835
997
315
398
805
854
660
832
467
863
66
522
691
127
596
274
188
0
20
796
755
939
754
246
75
223
252
726
151
180
684
788
403
523
443
957
472
379
824
14
216
934
42
719
261
892
754
197
74
720
858
969
749
680
616
605
0
605
472
974
129
751
215
940
161
238
749
51
122
0
130
205
569
734
105
828
889
983
0
609
603
1017
497
845
619
524
934
778
845
480
40
410
258
532
542
214
107
0
597
298
872
90
866
804
170
19
56
324
792
928
1009
228
496
515
44
30
546
365
747
959
224
891
424
145
465
18
796
574
478
345
422
312
860
973
505
875
965
581
567
238
56
583
32
0
295
303
755
673
151
632
477
205
310
150
493
320
206
375
529
349
757
1001
863
883
723
742
717
655
922
613
858
387
317
495
891
55
56
963
812
903
711
255
614
491
644
516
1000
437
110
666
589
154
688
267
57
602
473
415
91
211
639
791
197
521
402
917
100
929
176
410
434
711
954
295
755
70
538
163
517
496
545
377
224
176
476
260
868
46
844
128
447
734
576
284
922
484
821
257
425
416
577
1014
378
633
53
279
584
338
922
729
144
482
290
909
383
245
696
878
299
786
690
79
701
256
591
94
536
1004
416
730
682
43
776
252
5
621
410
316
902
914
878
980
892
107
713
858
301
362
636
583
469
759
754
868
935
730
567
81
976
808
669
0
298
759
533
633
504
110
248
401
769
913
755
520
562
954
361
256
439
784
269
405
886
320
682
704
535
895
771
614
516
771
514
854
433
856
750
542
323
231
944
801
695
316
713
413
190
939
1008
670
949
524
409
70
542
153
130
529
412
597
408
275
1021
803
166
1
800
157
801
642
787
529
833
417
784
711
1023
192
190
689
926
860
316
907
42
381
905
295
451
536
719
574
967
953
926
856
284
784
888
810
744
900
567
964
693
467
919
237
691
407
269
889
664
726
372
523
584
829
469
552
1017
687
792
835
949
784
150
830
276
722
731
678
205
389
792
169
943
87
35
43
934
739
54
425
279
107
826
444
958
915
111
863
562
583
716
571
254
939
24
988
919
703
509
6
841
474
441
352
341
706
858
808
645
860
639
374
514
0
350
541
244
738
9
586
164
381
543
184
0
689
16
670
125
77
0
154
741
756
1009
146
125
368
164
506
37
723
389
1019
820
742
363
729
936
1010
836
0
364
594
479
289
337
669
91
55
349
699
875
135
329
105
846
943
759
399
962
877
563
333
349
441
813
907
150
0
30
48
768
486
705
248
221
322
581
894
121
833
176
852
316
947
707
926
648
835
264
305
84
55
874
790
424
0
742
296
212
397
0
997
495
563
600
590
487
180
821
97
324
202
523
715
710
77
34
542
299
66
697
180
878
6
954
238
431
1002
796
638
473
904
708
0
55
1022
987
972
708
910
826
987
530
446
874
686
139
316
378
707
807
839
262
281
174
261
0
790
884
137
849
176
72
124
370
364
788
0
267
530
9
641
12
446
796
194
418
353
116
61
947
37
247
454
1021
141
606
732
417
289
539
567
1020
480
813
560
484
949
420
729
311
597
277
0
731
258
758
756
941
162
452
160
479
520
904
0
398
795
952
310
0
359
25
431
86
491
99
139
253
163
587
491
9
631
752
566
894
174
713
1022
695
462
918
166
996
461
219
340
977
0
690
664
733
405
3
764
371
341
890
514
77
542
432
0
481
24
0
588
133
632
5
678
778
61
799
761
679
949
948
223
462
144
707
893
311
261
846
908
877
620
845
719
1000
177
170
379
564
634
979
309
785
753
363
508
975
724
694
220
929
376
608
731
412
107
514
603
485
259
699
816
587
979
806
0
686
211
400
458
834
674
155
185
154
403
769
911
662
760
788
548
311
246
591
779
98
514
783
54
995
398
77
701
545
147
963
209
897
525
502
246
919
876
347
1011
165
152
150
302
901
277
876
940
676
715
262
922
257
963
1019
810
437
324
488
329
875
987
438
948
654
582
204
343
455
676
343
121
399
94
53
622
855
921
986
464
373
624
941
354
803
261
440
745
417
784
85
366
114
878
324
0
1004
829
386
122
591
499
521
625
770
943
135
0
65
836
109
441
275
429
735
578
631
481
25
777
659
649
578
109
977
264
957
389
37
533
49
95
196
442
410
269
118
974
328
278
824
424
738
413
829
339
281
871
711
242
164
24
344
899
408
797
264
28
55
1019
282
666
403
156
548
653
208
918
139
873
163
556
430
743
293
467
1016
850
251
335
378
987
203
981
650
185
416
960
471
62
987
881
803
918
209
137
0
777
262
53
155
200
887
933
75
866
789
945
426
770
228
974
920
760
0
75
932
996
549
703
891
700
256
678
53
199
114
94
109
616
257
223
362
761
0
483
342
629
414
980
924
894
57
143
13
782
702
228
419
0
106
816
932
186
329
742
168
0
315
519
639
785
0
300
873
327
568
615
152
88
89
143
125
50
626
526
628
386
162
353
282
0
509
0
243
96
635
949
122
430
195
89
167
218
644
16
1012
496
48
329
45
275
629
890
416
594
772
383
147
437
443
705
56
838
414
531
903
594
881
990
888
574
368
277
121
335
987
555
695
995
663
292
791
372
300
293
465
755
110
136
1007
1005
985
470
343
0
872
786
905
114
205
309
809
199
761
13
752
305
28
795
544
917
444
0
732
73
95
338
494
272
284
144
637
5
748
243
865
1018
942
96
285
933
250
658
949
930
744
747
849
179
657
821
174
321
236
475
643
614
581
835
974
554
160
970
846
406
316
507
844
449
130
51
1002
0
713
633
786
526
500
510
30
44
954
671
708
544
695
227
811
34
312
520
359
206
655
876
839
721
116
634
559
389
92
826
430
223
300
993
160
628
368
702
131
344
283
396
25
387
800
53
303
382
70
1010
989
217
389
2
485
820
647
904
316
923
155
217
995
771
327
108
381
671
715
776
657
602
780
429
6
949
466
72
50
296
442
22
404
400
349
289
971
985
551
235
0
650
197
108
688
75
325
76
0
657
44
227
844
640
467
663
489
705
886
15
829
415
285
876
739
887
392
39
985
509
624
254
292
657
68
224
355
533
1006
756
543
516
311
983
93
1004
245
0
778
610
928
919
744
415
307
167
850
227
1016
346
540
920
935
226
25
723
832
534
813
493
829
174
947
675
224
441
151
385
841
230
989
875
258
146
218
736
1013
362
145
101
0
391
733
178
373
274
401
794
49
928
526
496
924
710
506
672
272
380
588
247
163
442
587
616
46
824
121
814
60
1014
614
527
929
540
356
670
972
858
196
631
334
845
713
566
371
985
201
23
422
514
181
163
363
800
870
378
59
806
730
530
582
284
998
985
1019
820
1009
379
795
837
307
296
27
722
21
261
958
239
577
434
246
424
160
0
977
182
616
964
420
590
248
400
284
403
349
0
7
149
655
632
961
445
561
25
450
644
610
750
205
395
454
270
286
139
473
570
364
54
470
41
784
98
771
33
66
412
24
732
546
226
262
375
454
826
30
399
411
701
1007
508
920
1023
613
290
53
86
585
620
510
663
663
424
702
0
220
669
423
498
168
10
527
975
745
678
129
692
328
182
127
826
315
850
724
237
762
682
225
487
730
425
570
364
981
0
985
424
919
498
731
0
150
983
801
288
223
351
697
216
391
532
924
233
16
1014
813
723
581
91
638
257
207
635
795
713
959
345
29
57
648
117
885
835
731
296
745
504
14
664
278
459
73
352
590
733
546
225
894
548
935
745
575
899
13
689
137
813
747
789
543
601
244
849
958
921
279
0
679
731
815
613
777
634
266
531
828
963
664
57
674
20
320
144
32
503
87
817
39
48
556
127
842
260
335
198
0
605
345
241
588
751
695
409
741
704
887
758
632
617
396
690
128
987
109
538
762
381
19
368
76
483
391
509
281
839
998
56
547
877
379
41
118
58
405
676
908
603
423
63
256
71
0
92
1011
496
257
701
730
42
907
805
250
352
718
664
487
159
474
524
162
207
874
414
158
183
527
302
481
237
342
326
391
662
27
290
817
69
145
247
620
996
67
741
848
290
477
533
967
778
987
428
846
0
363
712
482
175
593
424
997
240
593
895
235
828
112
1016
700
471
974
44
205
665
128
998
658
592
608
142
876
122
581
975
617
231
68
895
288
95
625
965
218
711
172
570
131
0
212
923
961
136
779
874
1013
115
343
628
541
327
850
614
381
218
41
620
778
1017
848
781
143
528
631
700
430
126
783
404
90
240
17
12
500
347
505
816
283
4
70
0
6
619
55
919
283
796
63
575
732
0
734
0
118
365
349
327
317
630
933
247
222
846
181
784
687
254
621
266
427
882
664
977
791
510
836
434
732
534
490
123
528
431
525
852
848
845
361
694
219
604
754
181
91
582
1007
796
235
722
58
183
553
691
680
384
36
472
1012
902
950
952
942
281
251
255
513
924
676
1006
1014
396
984
646
780
981
695
32
723
702
614
15
48
555
118
166
610
574
839
577
273
692
265
52
903
822
570
536
334
660
434
33
140
12
386
422
274
775
911
571
975
275
888
584
226
506
51
333
636
937
667
768
148
986
106
691
417
107
560
325
96
606
138
699
738
203
1004
79
316
878
1021
942
193
262
256
261
275
169
84
571
115
690
180
327
763
628
510
44
794
428
970
108
290
190
296
604
981
826
749
260
269
902
335
308
555
742
24
405
990
756
365
624
78
492
476
613
174
610
540
409
289
851
154
569
368
175
203
1004
981
592
999
930
382
386
944
995
196
283
274
938
45
631
552
81
20
271
897
473
976
317
836
940
808
905
100
89
642
1021
294
477
491
192
79
0
641
168
436
354
503
373
410
220
818
368
97
428
216
668
320
174
753
218
439
212
347
615
868
9
218
750
772
899
660
656
552
774
666
670
945
492
943
529
146
854
82
403
160
359
348
1
815
747
839
805
229
1015
106
445
658
144
603
164
297
495
554
186
414
300
762
123
315
877
146
1017
982
75
407
350
87
729
347
904
960
633
575
187
462
299
698
995
534
4
500
432
250
941
312
836
889
757
807
636
809
931
353
668
627
626
713
432
136
204
949
193
743
196
1013
608
180
523
568
943
871
485
541
879
802
218
639
190
245
540
180
1006
125
888
979
743
126
0
350
77
335
863
576
602
67
77
213
171
850
815
156
398
770
834
787
227
498
374
450
867
996
321
968
198
323
1003
488
452
218
200
705
768
362
368
559
741
531
501
782
559
0
911
942
532
0
775
128
78
601
604
17
619
0
383
428
696
735
945
529
485
94
248
32
301
880
276
71
954
11
584
159
928
105
397
133
608
95
645
790
797
383
275
860
222
362
403
239
486
657
129
991
174
570
703
733
746
502
625
800
102
1014
988
983
615
629
83
795
230
642
378
183
0
310
554
963
389
707
592
81
549
286
156
683
190
426
745
434
68
924
833
567
490
444
199
669
49
1
94
301
671
345
963
142
243
642
748
117
854
0
730
145
209
720
566
436
836
589
395
905
730
47
990
781
441
528
954
729
470
45
950
190
363
920
142
427
526
652
270
5
871
12
159
800
715
284
639
508
308
179
407
416
44
628
994
1009
758
305
360
678
818
612
355
973
688
553
423
431
344
358
788
269
734
955
250
353
265
240
24
653
637
446
936
187
968
571
512
184
838
394
607
80
85
553
744
345
428
113
507
336
94
662
724
70
124
889
444
830
976
440
542
958
965
987
53
712
945
689
846
25
783
716
828
395
439
352
871
441
284
341
40
635
912
353
172
291
304
960
1000
268
552
211
199
4
959
485
793
288
655
334
552
354
0
635
872
367
812
357
918
879
248
631
517
970
513
613
579
311
484
129
865
357
832
600
784
887
788
300
341
440
490
145
788
573
47
390
217
785
46
205
150
138
571
205
422
135
262
378
705
372
933
756
258
458
403
929
615
189
608
903
762
732
971
145
444
480
872
963
117
0
599
981
657
558
651
948
975
37
363
487
419
272
903
358
523
957
706
464
905
889
299
1020
501
591
998
515
321
34
658
346
752
967
979
41
906
126
810
1014
140
490
987
819
866
1006
938
290
917
552
430
584
209
83
573
429
233
282
793
674
441
292
697
666
426
904
339
40
457
735
442
402
844
829
808
106
814
21
5
80
704
493
763
273
141
808
857
349
723
252
513
0
402
359
97
397
524
354
839
579
960
944
865
38
724
491
362
149
26
985
80
130
0
117
52
300
38
38
213
1011
889
810
617
962
501
749
912
0
662
330
551
987
609
854
687
83
319
485
534
0
590
725
484
876
973
763
597
950
637
520
153
462
956
331
686
11
73
994
368
688
687
85
663
607
977
763
271
166
550
932
792
401
531
7
1009
415
931
465
449
190
918
537
849
334
130
902
594
648
0
685
446
749
81
946
997
60
695
77
180
334
63
1005
845
147
1010
901
835
878
890
347
0
715
608
1023
570
816
307
829
654
834
865
145
897
415
679
691
310
184
379
819
493
610
709
128
562
42
783
671
873
944
778
766
562
917
392
932
423
119
800
656
365
62
661
586
859
795
676
308
678
921
909
171
957
777
708
257
782
26
419
888
7
116
432
135
14
425
40
778
473
444
430
230
808
898
509
721
7
977
130
932
818
203
383
643
499
710
428
165
548
623
191
92
840
876
877
270
166
719
209
671
184
473
89
71
849
325
504
916
19
24
224
409
198
879
612
574
108
191
446
234
780
621
471
440
300
311
208
617
914
780
190
589
624
86
190
938
0
398
266
904
369
493
35
349
155
297
565
365
918
265
224
385
735
333
874
349
480
962
0
378
466
604
83
86
963
229
148
408
878
730
12
697
1011
152
120
226
952
831
563
362
292
892
813
833
593
940
922
152
734
31
357
869
9
337
948
834
53
244
1023
837
777
1
451
788
836
445
798
118
351
499
810
549
125
225
733
21
781
865
865
949
336
210
0
662
881
769
49
36
144
936
562
904
516
0
853
925
788
409
584
771
525
356
758
740
849
487
292
512
167
568
311
206
111
535
464
601
159
877
604
408
144
362
346
100
218
561
422
390
853
13
272
399
552
785
894
615
267
566
111
400
941
233
408
190
280
207
773
955
412
130
441
589
815
245
499
980
68
299
907
804
882
38
889
323
931
43
97
478
144
471
328
328
563
661
676
0
1002
484
614
778
846
558
931
26
927
565
807
262
447
252
334
100
797
1001
97
173
904
767
687
705
92
267
380
190
506
137
742
69
150
557
297
455
385
212
765
252
437
618
671
946
892
443
72
72
7
503
131
217
452
239
699
904
47
379
209
683
967
948
876
531
26
473
151
699
428
305
357
585
24
97
114
100
488
943
702
172
523
433
712
554
685
267
440
530
483
525
493
263
476
473
1005
354
242
748
43
293
415
111
858
844
538
0
522
863
316
0
0
0
371
368
574
0
161
102
853
232
89
18
316
260
606
841
858
260
125
131
763
204
849
199
620
998
894
664
62
945
929
268
295
526
75
543
788
206
400
167
629
98
327
688
926
695
340
409
175
573
254
0
729
207
144
982
340
186
217
783
383
145
924
257
74
376
947
421
566
750
719
844
494
540
655
174
362
778
689
473
422
14
392
872
826
0
224
837
848
278
623
923
524
577
965
888
738
922
796
115
200
537
264
534
782
627
464
906
16
674
153
545
446
298
288
992
618
0
432
799
634
600
111
906
204
435
937
77
371
425
679
888
790
25
729
591
558
736
81
27
20
811
890
505
874
949
688
324
785
657
849
98
162
175
93
847
900
149
659
732
515
270
514
669
884
30
179
940
792
0
920
419
785
26
635
104
906
1013
88
579
428
1008
714
1002
43
125
659
428
113
373
778
424
383
935
782
333
543
582
810
422
0
301
773
399
254
215
55
683
50
250
357
920
396
409
478
260
92
368
708
596
699
206
245
715
102
572
17
837
783
887
48
802
506
306
166
715
554
291
788
925
142
674
481
775
815
783
322
356
910
8
931
559
90
736
976
531
724
393
296
80
880
815
543
720
832
804
141
1011
311
228
833
917
454
243
399
331
622
280
0
504
86
716
626
541
839
828
373
985
341
410
52
670
832
946
921
824
888
939
579
308
236
622
857
999
902
304
338
123
340
937
50
92
51
390
754
283
934
373
786
195
389
987
932
495
1008
891
237
975
910
87
140
971
583
607
274
568
439
914
117
343
943
196
894
245
401
348
684
94
830
775
605
55
279
111
7
242
410
479
643
119
46
447
383
526
789
484
507
997
602
877
750
141
789
800
856
526
34
25
994
472
90
393
109
796
918
888
555
424
956
499
896
352
556
91
309
982
0
964
969
941
853
306
61
259
620
146
504
175
783
368
16
977
738
8
93
213
122
829
951
1004
112
438
863
164
877
110
413
183
303
128
708
682
564
644
116
770
56
163
87
716
75
853
703
793
43
190
496
991
741
122
290
232
934
861
109
424
689
829
109
916
231
605
251
343
441
641
474
807
654
730
580
325
687
449
45
992
620
128
648
842
654
313
760
441
181
825
571
660
359
604
679
507
35
613
546
340
955
462
165
758
188
283
192
486
665
868
93
440
0
0
210
95
94
800
866
411
479
33
287
477
620
182
610
118
871
413
208
237
600
641
797
205
479
626
412
653
13
820
725
621
631
593
587
162
767
140
75
600
276
405
379
963
258
202
949
264
302
406
677
189
975
534
652
948
865
521
680
234
744
678
2
918
15
53
214
541
498
454
737
0
0
89
875
902
14
30
888
175
731
857
543
322
672
414
301
694
173
385
238
446
110
440
732
196
849
796
103
352
661
66
888
740
793
131
175
64
248
75
822
229
739
311
784
435
286
983
805
740
756
229
31
57
415
724
738
471
163
957
844
875
767
435
931
674
463
0
199
681
291
567
1
653
635
606
678
701
444
259
109
107
869
924
607
792
669
214
416
569
184
578
823
295
581
1022
290
883
867
43
641
751
580
712
130
880
547
956
303
738
85
272
273
114
985
763
692
399
498
460
422
224
231
5
941
849
915
161
539
872
889
11
759
709
617
968
208
174
224
644
48
406
786
746
305
924
872
538
684
963
818
293
449
912
859
754
966
204
667
25
144
118
802
990
726
695
995
506
116
809
814
722
330
164
347
84
382
12
733
425
622
981
28
939
464
569
45
689
976
562
927
867
1005
341
994
883
390
272
544
728
768
313
924
829
136
60
835
249
175
524
881
699
80
62
178
473
1000
29
467
276
247
354
216
407
135
970
192
30
276
489
162
633
0
956
604
227
33
755
843
84
102
141
769
407
840
213
813
304
469
92
751
124
144
325
754
566
921
652
301
453
971
10
589
545
45
858
420
668
220
600
993
28
658
628
80
822
727
526
162
826
539
51
15
69
867
896
1013
205
162
784
22
693
844
58
1004
811
822
613
868
791
695
762
257
501
330
533
767
230
806
556
106
129
122
517
14
823
363
676
0
777
697
965
1
513
480
222
762
983
262
343
328
819
919
409
354
265
697
481
885
221
455
836
648
636
405
72
871
921
39
421
446
566
753
973
354
11
189
499
223
307
256
349
174
923
655
911
681
905
500
549
774
822
885
912
281
107
12
168
357
617
429
208
402
977
952
289
719
629
35
671
374
257
450
567
293
989
337
863
323
256
551
784
490
30
473
126
589
863
756
546
751
845
742
512
104
565
573
672
1
85
565
190
149
305
563
676
861
845
56
677
329
163
461
878
949
69
152
0
689
216
0
502
570
814
427
946
117
123
407
3
860
405
912
708
417
653
668
186
463
516
108
0
974
66
488
960
614
409
463
745
0
329
364
857
404
2
399
781
333
567
323
838
543
698
989
1011
757
946
715
40
52
344
250
87
525
679
650
647
364
206
914
563
349
27
761
626
342
334
403
638
948
42
317
750
905
772
135
577
388
197
117
649
179
791
994
277
416
646
529
388
914
938
705
195
195
791
237
528
491
177
895
196
349
471
420
244
72
550
570
1003
218
762
750
206
287
318
907
831
523
516
455
63
824
924
36
917
415
401
950
955
812
652
500
108
324
578
114
