537
789
626
507
580
869
339
1009
379
756
839
596
530
995
41
512
654
593
734
304
423
517
589
443
136
259
721
144
0
165
802
951
100
333
499
587
0
44
757
402
923
393
974
263
329
56
994
374
0
979
987
757
63
175
671
942
659
477
135
374
362
911
45
135
586
769
602
155
847
739
746
352
62
50
814
270
221
194
36
845
31
952
542
863
547
582
361
478
866
245
0
422
285
103
98
153
413
790
920
483
299
257
476
406
75
632
999
433
862
606
940
699
347
907
319
519
0
534
595
1018
340
436
650
207
585
509
90
145
327
863
604
970
529
171
913
118
226
844
4
7
713
958
628
67
729
645
595
766
506
759
876
629
625
95
372
165
782
196
140
746
396
70
542
141
779
713
381
279
215
516
522
571
853
568
262
838
138
886
106
0
77
306
418
465
318
349
117
137
987
894
419
774
778
353
186
926
53
589
604
86
310
518
9
42
594
767
465
724
669
148
889
647
203
570
800
112
618
347
782
146
697
506
480
828
672
675
175
58
181
992
640
592
161
659
259
664
954
582
386
680
828
188
444
239
688
443
531
651
979
729
696
193
863
280
799
384
580
160
587
242
290
795
783
814
522
60
941
527
206
923
567
461
403
915
436
632
880
596
16
264
638
724
511
457
11
439
325
510
404
835
677
392
162
193
905
484
156
634
991
171
510
690
688
592
441
985
507
757
968
9
795
327
1001
0
79
96
919
1013
738
0
184
672
774
850
429
843
429
484
929
1004
116
618
699
809
1005
841
690
663
374
360
28
123
545
1011
948
27
667
355
488
167
136
315
844
943
194
913
439
879
651
875
492
859
564
178
167
858
646
835
118
577
211
51
502
702
617
96
288
0
102
293
303
472
385
429
516
946
247
994
190
971
833
585
275
600
4
483
206
175
954
105
506
411
743
337
836
290
558
244
761
734
70
508
950
997
282
23
142
99
448
427
679
601
335
284
781
241
886
742
758
69
454
0
603
24
654
516
695
941
510
230
491
73
373
14
414
921
572
159
500
378
788
769
830
879
44
787
1017
606
941
372
1015
524
662
588
96
637
964
662
483
981
173
604
627
131
0
918
669
754
499
184
846
346
263
328
1005
694
824
3
886
0
448
162
535
697
461
634
169
204
599
242
198
0
177
726
964
911
818
979
14
254
800
400
699
973
786
1019
286
694
708
243
514
610
676
375
529
732
346
430
400
515
186
789
0
349
251
246
715
291
525
61
603
158
448
957
0
982
625
60
471
904
122
62
972
683
934
93
376
716
781
315
150
42
211
328
234
587
313
739
825
142
585
316
403
0
317
997
628
722
718
53
906
984
703
655
208
744
431
889
97
34
457
516
1005
354
552
342
666
260
905
983
134
854
17
747
200
433
770
1014
833
305
88
196
876
90
244
590
315
474
1013
608
739
1015
794
666
118
843
193
341
835
39
361
25
525
839
1003
44
138
384
266
294
851
540
91
180
610
180
121
165
960
479
253
907
250
747
994
514
211
895
199
103
620
601
967
572
824
372
434
323
971
44
28
297
0
128
83
428
262
343
563
801
0
439
761
254
778
250
763
126
625
210
543
645
371
10
963
517
452
858
833
886
758
769
629
121
209
320
710
377
434
763
431
719
462
666
689
198
992
0
875
331
462
81
93
578
0
860
608
605
907
981
963
916
184
818
917
829
183
649
533
741
342
462
0
975
689
446
318
1020
93
733
683
0
807
117
754
35
700
170
385
216
504
525
689
397
958
518
291
54
562
6
524
2
481
364
576
416
516
595
449
914
2
905
62
641
682
0
484
499
267
21
168
0
500
1011
916
439
375
639
610
785
229
273
0
154
774
273
662
908
704
919
504
200
218
995
332
750
985
866
704
524
144
810
165
894
272
985
431
236
837
82
782
439
71
8
430
329
842
470
178
191
332
677
380
987
676
391
800
743
0
83
350
298
897
741
868
436
273
655
607
495
308
559
914
597
685
776
468
871
1018
569
148
111
601
231
466
32
125
493
244
538
934
471
97
14
660
566
906
699
790
778
388
974
688
359
144
42
361
204
552
987
933
844
363
579
541
348
320
480
447
0
501
470
201
0
924
175
374
275
338
180
242
12
176
405
11
741
760
208
652
94
728
458
543
56
963
577
61
107
160
881
369
0
877
521
979
195
522
153
766
502
295
51
824
1004
819
1002
576
852
544
304
364
514
306
491
606
521
252
313
956
806
874
813
948
799
627
999
782
810
688
379
800
0
615
987
59
899
325
815
372
351
199
267
499
475
161
100
698
246
191
110
403
667
705
727
410
347
270
897
0
186
650
775
272
354
979
428
451
146
913
925
855
271
0
797
467
566
710
668
960
340
32
904
700
980
517
257
244
43
649
956
805
14
705
424
267
1001
628
846
866
505
200
640
125
768
972
949
287
282
614
664
975
902
54
367
951
752
435
867
920
81
761
365
123
951
20
252
230
699
367
878
193
833
313
889
908
544
239
127
140
155
838
864
167
41
254
864
345
380
665
140
51
183
407
477
962
565
297
158
0
310
672
890
386
162
41
990
821
866
843
388
879
33
114
534
247
528
922
464
808
235
0
16
869
774
502
277
299
970
805
917
259
975
438
920
631
397
847
245
541
45
37
249
153
132
718
763
0
319
581
369
775
611
954
799
689
292
644
334
944
667
250
0
834
708
688
168
690
1016
344
459
665
460
468
769
195
180
98
236
227
30
182
987
852
413
271
130
292
975
767
943
407
926
467
808
0
442
317
818
502
904
906
834
886
581
487
353
295
938
897
894
297
802
619
488
423
870
589
635
881
0
920
481
814
756
206
625
318
712
208
333
386
964
48
705
99
399
242
839
869
347
114
825
831
962
424
216
420
783
256
462
397
93
134
729
818
486
650
6
256
744
347
678
427
713
268
830
745
455
1007
21
385
499
32
889
787
154
676
0
64
30
592
209
520
41
528
417
422
343
867
406
704
540
815
275
20
536
967
113
746
507
854
380
302
905
109
645
149
171
914
111
575
869
663
498
258
724
267
1004
854
28
953
273
172
406
4
0
742
508
546
923
963
953
845
525
232
261
538
250
745
515
637
60
0
271
747
732
310
889
998
331
368
505
641
379
472
89
715
751
9
266
395
784
837
856
784
100
12
147
397
896
395
979
289
150
29
891
425
548
311
699
469
552
927
569
794
990
321
138
639
84
517
319
949
39
1018
561
241
44
1008
238
792
476
911
364
479
1023
952
821
371
452
410
604
31
808
789
919
671
23
617
340
70
29
82
207
168
354
204
6
360
452
842
710
499
995
379
860
912
133
353
696
341
621
322
74
786
494
438
144
522
584
290
114
580
864
542
1005
959
547
542
316
153
96
667
444
949
248
394
926
723
201
878
591
818
0
387
258
176
219
930
400
664
313
210
918
280
782
924
1005
535
990
797
608
510
336
525
463
527
582
234
564
524
290
0
631
799
458
932
213
993
1000
1020
719
874
507
341
423
245
741
297
351
26
386
571
241
160
871
447
379
89
937
474
862
107
136
191
428
354
481
249
248
713
404
797
463
276
237
685
683
837
310
755
1014
914
121
0
934
844
715
195
965
660
953
341
509
771
316
497
21
612
17
224
852
106
653
333
45
234
747
263
990
141
809
452
370
129
917
1003
566
489
676
838
824
226
755
13
467
567
145
475
149
497
331
791
103
706
987
499
405
404
532
512
621
0
0
89
313
543
143
449
794
685
54
288
1007
162
978
944
887
175
0
763
703
994
114
193
179
560
419
159
660
959
689
355
895
801
959
1001
744
761
466
701
283
367
1010
837
944
874
701
979
550
465
650
793
956
727
145
837
189
425
403
456
384
677
516
1002
785
800
813
503
403
914
708
499
863
61
800
412
457
386
729
751
588
833
336
761
793
356
812
177
31
2
550
360
923
596
52
817
856
956
715
138
808
441
961
478
824
455
474
431
326
262
837
196
815
482
899
745
255
341
968
483
304
542
212
430
422
701
514
532
261
497
56
435
367
755
328
0
185
613
602
34
565
983
581
164
258
939
534
858
849
631
355
0
353
188
299
299
423
175
868
876
285
768
12
383
606
270
447
130
890
943
674
895
174
782
693
261
455
345
420
332
1016
629
275
800
977
698
154
337
228
252
627
447
829
58
787
696
732
960
310
604
906
233
130
375
215
286
713
836
698
315
718
916
612
433
704
877
201
5
889
523
241
136
703
491
1017
676
104
25
931
715
413
264
385
152
302
274
853
648
254
293
554
196
486
569
359
226
939
48
83
879
705
592
576
216
222
542
846
481
422
633
415
216
482
540
631
863
821
641
959
49
61
175
964
1003
355
905
0
864
27
258
579
576
270
0
841
977
755
703
139
713
482
284
595
483
638
901
943
511
380
13
22
539
241
881
684
546
464
123
62
30
511
465
196
376
946
917
181
508
629
155
506
213
489
29
487
635
866
634
928
399
519
198
92
566
926
875
706
141
70
807
454
906
131
751
695
180
799
814
329
119
166
349
920
337
946
881
243
511
779
58
520
1020
308
851
532
113
244
427
411
707
953
454
753
218
125
668
120
91
409
58
696
327
878
1016
609
687
815
163
472
181
670
225
264
5
463
120
682
100
231
971
994
133
108
815
568
580
928
604
563
134
295
0
932
379
677
549
875
545
873
527
946
634
80
954
144
156
312
849
0
13
759
755
786
212
184
721
625
537
224
453
466
432
212
962
585
266
84
656
631
484
832
349
272
5
367
745
630
953
659
149
452
255
153
936
632
807
444
414
486
389
351
830
535
839
724
775
413
50
241
987
694
42
717
462
574
718
704
545
415
343
751
215
948
918
704
640
633
954
855
75
807
100
755
1022
532
869
91
646
490
175
540
645
252
479
893
208
570
284
994
495
25
179
149
123
189
281
704
25
88
260
131
62
433
29
474
139
576
227
74
839
498
915
102
584
631
190
0
618
697
659
205
751
478
541
862
940
210
846
984
551
191
118
467
248
609
784
438
466
728
482
169
751
695
571
790
366
591
766
1009
813
189
353
568
824
239
831
477
809
602
522
36
808
116
161
878
136
429
359
111
831
676
621
236
663
767
1016
950
192
339
515
385
244
701
889
434
424
390
324
124
24
272
583
532
919
1013
863
406
980
979
689
910
284
241
873
170
801
436
166
143
787
678
155
252
116
772
408
793
676
988
665
436
769
5
633
925
12
584
290
415
340
378
755
843
340
526
568
32
16
0
280
486
437
354
514
606
992
999
395
502
491
0
593
760
381
29
146
804
545
432
40
912
535
352
153
442
126
189
828
87
649
669
382
664
757
309
576
395
998
250
342
321
24
278
401
643
0
697
943
904
147
446
56
131
595
379
859
996
14
689
819
914
81
19
199
614
297
893
869
348
859
149
225
167
593
31
58
1002
536
970
808
734
567
296
386
136
947
31
373
162
655
744
51
819
946
801
796
850
1001
172
744
391
165
8
588
706
266
914
829
272
243
950
572
10
752
973
526
859
927
721
499
651
255
856
535
643
522
260
406
240
964
104
392
3
1000
673
539
81
605
961
216
320
94
212
262
710
524
126
353
247
912
974
350
74
14
191
606
837
132
558
176
144
778
733
338
930
698
478
872
533
872
0
324
15
354
453
212
155
578
967
0
143
841
503
75
350
813
622
865
397
35
357
848
125
398
524
286
0
670
652
149
946
976
903
853
642
696
706
634
595
80
515
814
42
3
143
20
275
304
935
17
258
527
239
213
837
0
252
488
152
189
689
567
589
719
388
997
542
326
771
566
477
781
257
568
493
128
916
612
860
941
0
380
38
74
304
871
291
985
184
232
166
696
10
539
3
504
964
306
566
217
930
707
224
551
46
1019
56
464
1005
281
922
716
415
298
583
93
356
678
847
276
779
325
391
508
109
822
405
51
295
413
628
525
402
619
723
401
674
261
937
476
850
95
56
2
896
944
273
604
446
183
16
415
129
199
432
683
927
862
202
624
783
261
528
227
503
483
990
340
163
352
973
49
50
994
846
223
656
974
703
582
764
924
369
671
18
747
507
111
233
558
513
758
0
536
493
549
428
231
633
78
486
1019
89
329
209
304
863
710
996
0
486
478
467
711
0
528
184
101
700
955
850
79
3
387
684
285
734
871
824
856
800
560
420
277
68
196
484
319
691
799
605
887
708
127
783
0
266
359
565
583
574
461
768
150
593
158
290
233
497
892
434
453
919
631
432
832
776
37
819
806
90
671
763
502
807
488
608
207
825
694
220
168
625
641
859
744
529
89
42
585
953
962
182
904
762
5
111
488
722
651
0
286
721
940
202
612
959
945
498
274
731
0
79
210
229
957
95
281
139
196
273
225
509
890
414
96
115
392
306
314
831
31
311
56
997
17
800
731
640
397
0
933
157
783
491
580
48
724
225
5
59
525
0
637
870
891
725
375
696
901
209
905
589
956
98
111
916
357
165
65
260
354
483
708
592
745
677
649
963
830
860
220
324
18
703
651
289
707
542
456
12
279
753
477
15
87
27
950
538
306
363
134
200
221
576
500
856
1023
793
279
1014
535
130
1021
771
983
385
1005
458
155
706
899
800
826
692
245
55
877
969
140
506
987
658
315
784
677
608
1014
831
341
158
72
240
241
31
649
83
854
396
757
979
240
234
810
996
1006
106
771
185
912
792
225
688
388
684
997
834
883
624
830
920
541
86
65
326
800
995
119
961
594
292
447
615
225
973
20
688
133
720
956
53
538
331
540
1012
851
869
86
219
713
785
942
77
87
0
366
805
386
1007
498
534
971
599
945
246
48
715
620
974
967
915
972
601
656
933
755
770
781
165
419
83
413
205
62
650
68
799
159
982
67
1
40
494
230
762
416
444
527
318
740
630
186
302
497
57
727
163
741
19
468
93
997
740
808
10
1011
758
618
180
731
555
316
0
102
109
914
774
65
29
578
640
30
841
105
657
142
144
432
696
2
396
602
213
578
787
439
346
736
977
419
489
396
591
755
191
382
47
983
719
553
450
