0
134
268
402
537
671
805
939
50
184
318
453
587
721
855
990
100
234
368
503
637
771
906
16
150
284
419
553
687
822
956
66
200
335
469
603
737
872
1006
116
251
385
519
653
788
922
32
167
301
435
569
704
838
972
82
217
351
485
620
754
888
1022
133
267
401
536
670
804
938
49
183
317
451
586
720
854
989
99
233
367
502
636
770
905
15
149
283
418
552
686
820
955
65
199
334
468
602
736
871
1005
115
250
384
518
652
787
921
31
165
300
434
568
703
837
971
81
216
350
484
619
753
887
1021
132
266
400
534
669
803
937
48
182
316
450
585
719
853
987
98
232
366
501
635
769
903
14
148
282
417
551
685
819
954
64
198
332
467
601
735
870
1004
114
248
383
517
651
786
920
30
164
299
433
567
701
836
970
80
215
349
483
617
752
886
1020
131
265
399
533
668
802
936
46
181
315
449
584
718
852
986
97
231
365
500
634
768
902
13
147
281
415
550
684
818
953
63
197
331
466
600
734
869
1003
113
247
382
516
650
784
919
29
163
298
432
566
700
835
969
79
214
348
482
616
751
885
1019
129
264
398
532
667
801
935
45
180
314
448
