892
420
180
618
167
708
564
657
649
108
597
912
394
534
208
800
27
840
376
551
678
968
918
851
255
169
753
1012
507
395
876
475
858
482
908
1013
428
899
215
933
1014
629
857
211
534
155
635
280
679
702
65
754
576
84
49
789
600
235
153
44
537
280
784
60
913
990
440
973
191
417
162
728
666
143
26
520
484
323
568
134
504
239
790
688
954
628
149
210
907
677
413
207
928
665
884
831
705
0
367
830
152
651
229
833
9
281
576
760
121
710
74
279
204
672
231
810
659
511
989
949
678
118
981
263
748
0
308
646
294
105
145
141
1012
295
255
528
615
859
1001
519
890
455
993
409
409
135
534
698
847
448
861
694
56
931
378
587
545
30
500
189
240
357
595
66
805
616
97
345
401
47
858
945
570
627
553
238
61
693
746
240
349
854
1017
1004
167
188
25
227
741
0
588
540
927
756
628
939
709
100
940
88
256
116
374
270
753
150
451
429
615
258
607
887
108
131
610
361
464
815
347
502
451
885
3
901
519
534
519
243
300
754
503
211
444
91
474
658
688
456
391
240
336
809
558
483
380
826
784
868
921
551
480
802
834
280
60
149
82
44
199
109
429
354
657
452
0
397
695
885
679
106
781
635
935
256
908
289
553
211
1016
391
154
302
270
894
819
525
249
237
84
712
995
304
317
723
422
589
250
413
1007
522
361
15
390
116
36
275
108
568
781
727
533
235
840
65
328
666
734
509
582
787
749
283
443
680
680
639
749
749
0
231
811
441
50
98
486
324
932
358
197
405
349
132
666
502
101
17
746
91
247
0
198
724
975
916
1004
68
149
0
527
459
567
607
979
543
153
345
279
855
495
749
4
380
15
170
718
490
963
355
498
125
574
168
847
604
330
0
287
29
666
1003
272
932
345
506
485
854
189
687
793
527
856
197
149
525
703
55
678
181
122
19
842
787
1009
579
919
437
580
177
769
121
940
768
0
230
810
41
464
975
1007
832
960
586
520
754
877
412
183
386
495
31
128
867
794
631
536
65
912
814
887
69
58
411
272
993
112
661
649
117
665
122
789
996
858
867
819
395
16
932
364
948
571
635
52
207
443
607
727
370
542
941
166
438
643
524
29
705
72
210
526
924
351
108
1007
187
495
23
54
150
227
651
936
534
458
819
154
138
342
765
0
448
985
150
323
539
227
429
701
405
957
975
335
448
818
226
20
131
80
0
647
390
64
560
473
435
638
693
694
609
829
797
445
497
272
876
774
828
641
469
125
83
539
57
511
734
0
938
924
374
66
684
509
174
117
0
444
478
719
659
266
241
607
490
664
259
954
0
757
762
305
675
564
424
5
161
588
418
566
946
570
287
717
973
362
0
182
614
486
985
457
90
252
66
146
182
907
334
257
433
528
369
786
996
542
0
152
0
609
495
719
196
875
627
501
2
275
257
125
452
783
371
734
382
575
747
963
962
781
283
444
265
896
499
724
265
109
0
327
595
81
762
600
1014
971
727
632
578
825
974
755
96
313
821
905
459
202
201
926
853
6
68
84
127
2
189
486
469
856
434
768
450
799
38
772
164
299
54
788
164
917
181
913
429
9
296
527
861
834
966
511
592
112
31
27
841
266
303
780
295
585
261
29
802
177
4
434
632
454
360
941
218
551
205
990
353
558
117
368
852
642
879
354
715
714
754
406
44
914
634
76
57
639
194
515
672
598
306
901
524
665
1011
789
901
640
468
1
302
74
416
784
132
782
633
927
907
76
91
330
788
43
484
88
198
106
992
443
597
750
863
248
149
340
561
216
275
124
373
147
133
257
62
585
229
767
728
364
490
641
619
870
520
596
689
479
861
801
801
348
514
539
0
1023
690
503
252
131
115
649
102
136
176
163
962
963
561
435
556
690
884
412
765
751
186
206
0
121
258
1015
967
762
312
671
921
711
11
393
274
298
531
599
371
454
894
33
852
0
349
118
90
302
0
71
364
650
948
431
757
909
129
133
768
110
347
508
587
467
302
957
894
966
897
260
161
1001
908
889
303
779
0
1005
869
822
440
389
510
195
8
461
951
605
63
849
342
721
524
656
20
389
858
878
613
135
228
868
833
900
176
142
214
34
212
761
131
780
703
281
362
655
380
537
149
34
474
692
936
674
161
314
771
546
115
519
438
862
783
441
533
81
903
302
423
703
916
86
809
372
1001
946
0
211
1000
546
657
884
524
357
888
897
369
7
996
944
41
682
585
483
542
471
671
172
769
225
813
6
632
349
946
165
1019
89
2
5
943
497
397
561
937
322
648
440
83
679
415
153
388
874
388
131
703
317
224
29
310
766
918
765
938
127
251
97
199
333
203
753
689
316
320
87
596
631
674
509
772
651
199
385
549
763
54
923
234
411
40
825
427
367
669
863
30
489
799
838
269
74
912
353
964
235
20
0
1008
37
989
239
332
402
443
233
833
0
496
507
974
659
366
793
542
997
298
26
422
548
168
98
57
368
486
524
865
10
454
812
252
1015
588
650
490
590
308
467
0
686
544
565
421
372
799
275
0
551
449
570
801
1019
546
149
954
192
120
841
270
305
0
885
589
2
130
208
104
926
202
726
301
392
371
475
598
513
147
955
948
574
297
545
678
264
311
2
529
578
472
348
121
496
928
676
588
484
971
678
665
801
216
72
678
676
953
970
156
439
701
540
1014
732
191
732
588
823
688
554
755
289
101
719
722
354
406
901
112
162
225
215
541
287
145
279
940
108
46
457
99
145
623
841
672
312
797
949
499
779
693
569
216
755
520
895
919
805
793
628
281
581
138
332
427
271
498
373
368
19
652
859
17
384
442
529
98
980
290
215
243
287
255
45
819
229
1004
297
479
220
477
914
194
168
776
313
51
0
359
733
171
352
618
27
293
689
0
932
145
308
548
100
428
917
173
616
684
803
657
275
234
795
560
769
323
802
750
551
552
207
1006
928
415
464
688
241
191
621
210
692
866
165
76
466
416
859
225
196
791
77
53
70
128
0
885
68
609
587
266
462
52
578
349
76
990
429
645
837
80
497
477
527
543
132
790
637
851
733
981
989
213
291
1
333
63
532
866
316
432
921
916
574
644
795
60
453
149
844
755
977
917
311
156
999
792
935
244
127
991
0
251
581
0
269
295
379
178
796
32
56
484
527
333
379
336
159
911
706
192
1023
522
431
433
678
116
366
300
859
764
972
940
948
326
316
638
225
277
452
109
764
222
540
287
282
7
921
263
452
66
700
933
934
958
30
318
0
892
558
441
47
907
649
130
440
482
380
998
2
129
245
452
687
566
960
990
259
623
912
363
937
351
389
383
334
636
19
152
632
614
856
0
317
371
286
240
392
888
279
663
0
65
731
269
804
487
117
461
723
972
264
345
738
100
178
518
332
374
180
403
801
13
60
41
991
458
692
38
163
248
472
755
909
839
58
574
913
18
869
185
869
224
986
492
310
388
506
408
193
911
727
989
929
63
507
1
99
579
658
304
380
173
261
481
486
592
950
3
985
249
976
394
391
359
162
542
761
231
634
231
794
588
583
828
773
319
457
667
369
544
0
280
458
11
263
791
879
243
806
628
209
567
54
340
175
610
849
311
332
542
512
77
889
41
950
967
309
521
513
531
258
0
92
410
381
131
591
552
881
939
252
447
413
442
154
153
259
0
879
719
287
220
524
849
526
15
0
120
155
333
83
964
28
262
940
929
218
0
604
940
850
678
240
622
101
482
494
51
826
158
867
688
294
249
653
899
1014
220
102
956
348
837
182
107
963
314
298
969
559
234
649
334
912
831
141
398
44
468
500
696
781
378
318
966
105
0
152
524
874
642
828
26
222
818
901
44
324
518
940
416
913
950
9
129
200
38
560
966
152
875
504
488
203
518
943
411
164
1002
318
211
533
105
408
782
7
860
259
494
830
193
16
890
672
542
441
265
392
450
408
315
248
663
168
835
287
199
42
983
669
907
383
78
95
0
421
943
874
890
909
451
304
849
433
385
207
19
1019
1007
271
388
259
358
999
520
500
641
338
219
876
387
635
850
59
188
462
893
960
698
1005
230
736
928
393
114
108
584
0
140
942
858
24
500
136
622
808
275
356
759
500
97
571
534
618
0
996
654
151
892
762
601
465
169
643
43
0
514
131
495
138
997
170
343
45
939
726
329
57
1005
718
845
534
811
25
587
807
761
839
4
721
754
823
914
906
2
245
604
448
59
702
96
913
589
667
93
517
602
1011
195
872
648
297
60
833
560
218
581
235
168
171
818
25
152
990
738
0
720
533
42
140
947
461
354
293
782
472
558
560
422
58
350
216
678
668
426
614
0
335
190
139
324
916
773
757
993
267
144
0
120
582
491
526
976
971
862
196
845
995
612
977
571
180
11
0
620
688
256
794
345
317
324
906
0
959
301
714
166
183
31
635
318
605
184
410
212
898
948
136
872
108
612
131
874
547
13
228
48
974
824
560
778
524
0
461
762
644
161
315
973
128
571
542
46
682
522
799
437
588
894
83
500
433
840
113
440
257
258
389
581
800
633
851
75
1003
786
915
659
216
509
951
918
67
281
311
641
383
485
603
315
27
904
0
454
907
812
0
917
620
949
844
924
668
169
401
301
316
186
734
528
897
490
993
64
286
218
529
778
831
973
875
923
548
552
694
475
30
56
410
281
578
450
249
38
83
589
844
676
1002
864
211
112
117
221
497
532
74
563
585
727
908
542
543
989
105
652
875
789
848
207
939
183
1017
423
183
0
2
303
306
725
420
596
0
154
813
498
116
514
348
748
482
946
136
0
454
69
539
498
588
200
933
286
304
33
647
403
724
1019
350
461
580
137
561
144
933
890
462
601
425
379
510
885
644
868
449
520
839
407
838
683
357
184
880
342
906
755
683
917
509
231
60
507
719
895
531
105
580
220
0
158
388
968
869
457
272
889
281
25
748
0
883
961
458
0
761
103
637
310
946
949
94
438
808
0
769
29
22
247
262
290
801
335
429
53
931
573
452
818
461
267
109
566
972
5
681
717
392
890
57
310
689
115
731
954
319
406
360
195
753
241
593
971
75
0
635
716
247
120
0
391
1005
162
942
192
600
201
933
244
465
939
418
406
659
131
836
830
130
694
787
506
663
283
914
143
402
698
590
348
540
496
473
700
924
324
879
269
412
124
31
454
0
247
695
142
253
412
675
825
620
785
314
64
272
990
300
940
912
696
494
369
910
820
906
0
537
187
856
146
670
0
927
889
773
894
750
0
597
153
600
680
714
943
0
150
661
197
633
388
141
304
922
849
726
245
0
348
453
503
0
234
614
414
68
802
892
73
653
370
224
179
861
15
543
801
373
572
508
0
175
165
108
635
710
98
635
873
595
416
583
433
308
534
375
899
257
824
672
406
868
801
124
867
26
512
931
971
225
47
452
272
14
78
843
116
68
296
6
191
108
108
138
267
171
864
76
911
253
882
697
280
948
920
486
275
265
864
314
35
535
130
11
859
96
1004
995
120
505
103
636
417
772
339
974
33
304
530
92
833
250
585
63
664
644
133
489
155
535
483
822
791
286
936
682
787
301
274
711
169
336
633
0
883
1011
120
297
911
599
105
921
681
307
662
145
42
801
356
963
556
853
414
288
527
638
891
187
459
386
98
366
160
165
104
966
986
93
588
388
994
56
477
361
883
883
953
735
337
358
696
299
498
255
561
376
337
568
476
486
217
506
562
554
248
170
274
127
636
199
646
231
359
27
807
299
442
461
778
348
412
83
969
939
492
771
427
781
0
1006
951
580
750
155
580
829
112
175
468
252
619
58
149
963
472
885
531
335
732
457
257
108
81
356
245
324
930
